2858,1
260,2
1196,3
1210,4
480,5
2028,6
589,7
2571,8
1270,9
593,10
1580,11
1198,12
608,13
2762,14
110,15
2396,16
1197,17
527,18
1617,19
1265,20
1097,21
2628,22
2997,23
318,24
858,25
356,26
2716,27
296,28
1240,29
1,30
1214,31
2916,32
457,33
3578,34
1200,35
541,36
2987,37
1259,38
50,39
34,40
2791,41
780,42
3175,43
1193,44
919,45
924,46
1127,47
2355,48
1387,49
1221,50
912,51
1036,52
1213,53
1610,54
377,55
1291,56
2000,57
1136,58
3114,59
1307,60
1704,61
1721,62
1968,63
648,64
2599,65
3793,66
32,67
2174,68
2797,69
2918,70
2291,71
3471,72
590,73
2959,74
1374,75
1394,76
2683,77
592,78
1784,79
1573,80
1304,81
3418,82
223,83
380,84
2706,85
1225,86
1584,87
1527,88
3481,89
1923,90
2699,91
750,92
39,93
21,94
1393,95
2804,96
588,97
2406,98
1220,99
733,100
1230,101
3176,102
1961,103
3751,104
1079,105
3408,106
908,107
3623,108
1073,109
1356,110
3527,111
2700,112
1219,113
1247,114
1089,115
1544,116
1222,117
150,118
3753,119
111,120
2710,121
357,122
2657,123
1206,124
2985,125
1094,126
3147,127
2640,128
2395,129
3421,130
1517,131
1641,132
1278,133
1252,134
367,135
1358,136
1208,137
2100,138
1676,139
2529,140
2321,141
2011,142
920,143
2324,144
2012,145
1090,146
47,147
1500,148
1370,149
1954,150
1673,151
2194,152
2115,153
1376,154
587,155
364,156
3253,157
3671,158
1288,159
316,160
923,161
3160,162
1242,163
736,164
1917,165
3255,166
1294,167
1732,168
3361,169
1396,170
2763,171
1258,172
2302,173
3448,174
1653,175
1608,176
1391,177
2692,178
2455,179
3702,180
3081,181
2268,182
595,183
349,184
969,185
3256,186
904,187
1234,188
597,189
1674,190
2054,191
913,192
2081,193
3703,194
11,195
1377,196
2890,197
3755,198
1028,199
2001,200
1101,201
2968,202
2617,203
2407,204
1682,205
1372,206
1233,207
1266,208
1909,209
551,210
3897,211
3363,212
329,213
3052,214
1183,215
2353,216
539,217
2006,218
3072,219
25,220
2289,221
1408,222
474,223
2105,224
3552,225
1639,226
1552,227
788,228
440,229
3108,230
2712,231
1215,232
1282,233
6,234
1250,235
2336,236
2746,237
2770,238
1276,239
1207,240
36,241
235,242
1375,243
1080,244
1320,245
293,246
70,247
2248,248
1199,249
2470,250
1777,251
1912,252
3555,253
1747,254
903,255
2701,256
3033,257
2947,258
1876,259
10,260
1407,261
3210,262
1997,263
1179,264
3006,265
3499,266
1129,267
1035,268
1148,269
1625,270
3174,271
1748,272
2502,273
3107,274
3699,275
2080,276
1722,277
3948,278
3082,279
1953,280
3608,281
1246,282
2723,283
2915,284
2908,285
2641,286
2369,287
3039,288
3543,289
2424,290
500,291
2352,292
17,293
910,294
1204,295
1645,296
165,297
2108,298
454,299
1201,300
3510,301
1569,302
3809,303
1380,304
1597,305
3526,306
2167,307
3450,308
2393,309
2278,310
2427,311
1285,312
368,313
2002,314
2193,315
3101,316
2058,317
2064,318
1994,319
3354,320
1371,321
3624,322
2694,323
2021,324
2243,325
2881,326
1060,327
3424,328
2671,329
1690,330
153,331
2605,332
2003,333
2023,334
2490,335
2020,336
265,337
2948,338
1302,339
344,340
3362,341
785,342
1267,343
3104,344
594,345
1947,346
161,347
2366,348
3386,349
1513,350
778,351
899,352
1092,353
1965,354
2826,355
1231,356
2391,357
3396,358
1077,359
2872,360
2288,361
1275,362
1663,363
253,364
2094,365
353,366
292,367
1249,368
1333,369
1299,370
3698,371
2871,372
953,373
1729,374
2580,375
3489,376
3704,377
529,378
1466,379
2144,380
1244,381
2005,382
246,383
968,384
2124,385
2160,386
3148,387
2140,388
2944,389
266,390
300,391
1287,392
2359,393
2,394
3763,395
288,396
1263,397
2572,398
2161,399
1235,400
1262,401
2150,402
337,403
2145,404
3868,405
2688,406
3504,407
1088,408
1343,409
434,410
1084,411
104,412
16,413
543,414
141,415
3105,416
1093,417
708,418
1228,419
902,420
1188,421
586,422
2761,423
339,424
2405,425
1339,426
1269,427
1293,428
1918,429
3476,430
497,431
1831,432
3263,433
1485,434
3247,435
2078,436
1883,437
1952,438
231,439
555,440
2300,441
3863,442
745,443
3911,444
2076,445
1962,446
3638,447
208,448
2724,449
2949,450
2294,451
1272,452
441,453
3697,454
317,455
442,456
2329,457
3005,458
95,459
914,460
2527,461
1960,462
1957,463
2707,464
800,465
3535,466
1711,467
3591,468
2664,469
2019,470
3683,471
2273,472
3257,473
1959,474
2528,475
1805,476
2542,477
24,478
2616,479
2581,480
3100,481
2013,482
610,483
1203,484
2539,485
1037,486
852,487
1172,488
1921,489
3785,490
1373,491
653,492
2433,493
3070,494
509,495
1885,496
1562,497
198,498
3301,499
2371,500
471,501
2722,502
1256,503
2087,504
1271,505
3037,506
1292,507
3298,508
3360,509
2018,510
2501,511
3717,512
3740,513
2686,514
3044,515
898,516
2394,517
2333,518
1022,519
3273,520
1019,521
2109,522
466,523
866,524
1587,525
1095,526
112,527
185,528
2478,529
1029,530
1345,531
2717,532
2662,533
160,534
2085,535
2067,536
3113,537
832,538
173,539
1479,540
673,541
1378,542
1186,543
508,544
1296,545
3752,546
1253,547
3893,548
2541,549
2792,550
3060,551
1586,552
2976,553
3252,554
151,555
1967,556
553,557
3435,558
196,559
2795,560
1321,561
1357,562
1261,563
3098,564
3685,565
45,566
3479,567
3300,568
3614,569
2133,570
62,571
1779,572
1284,573
163,574
2046,575
3745,576
3524,577
3438,578
435,579
2598,580
1958,581
552,582
1042,583
1911,584
661,585
1032,586
3020,587
2384,588
2951,589
3095,590
3359,591
3157,592
1945,593
2863,594
342,595
3087,596
2423,597
350,598
1248,599
2245,600
2428,601
3264,602
2096,603
849,604
2642,605
2134,606
3178,607
1635,608
1956,609
2469,610
1982,611
3534,612
3701,613
2917,614
3654,615
838,616
58,617
485,618
1476,619
1882,620
596,621
1590,622
2137,623
3203,624
3317,625
2126,626
3735,627
1834,628
2420,629
2986,630
1589,631
162,632
1907,633
3536,634
2841,635
3635,636
3168,637
628,638
3267,639
3173,640
1104,641
2186,642
1441,643
3260,644
2454,645
1212,646
1059,647
2065,648
562,649
3827,650
3,651
3269,652
247,653
2421,654
524,655
2719,656
3246,657
1644,658
1591,659
1405,660
3441,661
2463,662
1678,663
2431,664
2912,665
1041,666
1223,667
1257,668
1694,669
2088,670
1894,671
2311,672
922,673
1566,674
345,675
2734,676
1680,677
3798,678
2533,679
410,680
1449,681
3334,682
1385,683
3639,684
786,685
2973,686
2735,687
3409,688
7,689
172,690
2313,691
1120,692
671,693
348,694
1717,695
3512,696
1254,697
1185,698
3730,699
3159,700
1955,701
1274,702
1049,703
180,704
1347,705
2788,706
3468,707
515,708
994,709
2739,710
1792,711
2805,712
3706,713
3016,714
3219,715
3358,716
2409,717
930,718
2926,719
2413,720
933,721
3545,722
2687,723
1297,724
647,725
2253,726
720,727
2116,728
3274,729
3916,730
379,731
3791,732
2450,733
1047,734
1081,735
3254,736
144,737
3186,738
52,739
3869,740
2759,741
2966,742
3261,743
1614,744
372,745
802,746
2728,747
1224,748
916,749
2989,750
3285,751
2009,752
2991,753
3035,754
3744,755
2713,756
3513,757
2335,758
1100,759
2840,760
3617,761
2375,762
585,763
303,764
748,765
909,766
2125,767
724,768
494,769
3019,770
1171,771
2622,772
2471,773
2378,774
3686,775
955,776
370,777
2600,778
333,779
2485,780
1350,781
3844,782
1135,783
2648,784
1124,785
3826,786
2993,787
2141,788
29,789
3259,790
1283,791
926,792
1103,793
1892,794
2402,795
2410,796
3551,797
1499,798
2857,799
3185,800
951,801
2403,802
2702,803
1616,804
1620,805
3083,806
3196,807
1409,808
1020,809
432,810
1801,811
2919,812
2672,813
783,814
2690,815
532,816
3507,817
19,818
2010,819
1754,820
3952,821
105,822
1298,823
1888,824
224,825
674,826
928,827
2334,828
784,829
1125,830
2990,831
2794,832
272,833
954,834
3156,835
2718,836
48,837
1411,838
517,839
1719,840
2053,841
2398,842
2015,843
3705,844
1459,845
3068,846
2414,847
164,848
1086,849
940,850
22,851
2808,852
2411,853
3836,854
520,855
905,856
1061,857
2468,858
1091,859
2720,860
1301,861
2004,862
2565,863
1078,864
1914,865
2301,866
1388,867
1379,868
2139,869
3618,870
431,871
1175,872
252,873
1556,874
2110,875
3250,876
1835,877
3508,878
915,879
2530,880
2247,881
3712,882
1367,883
1920,884
1944,885
1277,886
2118,887
1619,888
168,889
145,890
2942,891
2082,892
1344,893
2496,894
3525,895
3811,896
3201,897
1245,898
3397,899
327,900
3684,901
2532,902
1217,903
60,904
3668,905
2747,906
3088,907
2297,908
216,909
2143,910
1327,911
3505,912
1916,913
2416,914
3152,915
1518,916
2861,917
1810,918
3461,919
3633,920
3067,921
420,922
2146,923
3062,924
1693,925
1238,926
1537,927
3451,928
546,929
468,930
376,931
230,932
3927,933
1603,934
1950,935
232,936
2950,937
514,938
2112,939
2803,940
3000,941
2779,942
3615,943
2231,944
2340,945
1096,946
1027,947
805,948
3034,949
2474,950
900,951
3593,952
3398,953
2953,954
3053,955
2995,956
3249,957
3688,958
3258,959
531,960
1334,961
799,962
3770,963
1687,964
492,965
306,966
3155,967
2643,968
2312,969
3452,970
2390,971
2901,972
1300,973
222,974
3556,975
3271,976
2827,977
3071,978
3265,979
236,980
2262,981
1243,982
3198,983
2376,984
2303,985
3681,986
2467,987
880,988
1030,989
3244,990
3528,991
1672,992
1438,993
170,994
2318,995
3494,996
1031,997
1769,998
2819,999
69,1000
125,1001
1268,1002
1126,1003
1974,1004
2921,1005
2971,1006
2282,1007
538,1008
3040,1009
741,1010
3328,1011
2111,1012
475,1013
2401,1014
2531,1015
44,1016
1303,1017
2367,1018
3146,1019
507,1020
1260,1021
1594,1022
2802,1023
678,1024
911,1025
2867,1026
1895,1027
3841,1028
2138,1029
3462,1030
3760,1031
3871,1032
2513,1033
3163,1034
1688,1035
934,1036
3566,1037
2348,1038
3949,1039
3802,1040
2130,1041
2072,1042
1381,1043
3484,1044
2567,1045
1702,1046
921,1047
1964,1048
1012,1049
2404,1050
1845,1051
2363,1052
535,1053
3189,1054
2346,1055
737,1056
314,1057
2476,1058
1237,1059
1884,1060
3388,1061
762,1062
493,1063
3355,1064
1429,1065
2132,1066
5,1067
412,1068
830,1069
2338,1070
3498,1071
3649,1072
1395,1073
2034,1074
3007,1075
481,1076
3308,1077
2518,1078
1025,1079
3243,1080
942,1081
950,1082
1009,1083
2946,1084
2875,1085
2322,1086
1588,1087
3733,1088
3316,1089
1488,1090
3129,1091
2153,1092
1033,1093
2889,1094
999,1095
2422,1096
534,1097
1286,1098
3812,1099
261,1100
455,1101
2750,1102
1701,1103
3576,1104
2456,1105
1416,1106
1422,1107
2613,1108
2764,1109
2961,1110
2287,1111
2941,1112
3873,1113
3917,1114
3467,1115
2117,1116
616,1117
3565,1118
2883,1119
1147,1120
1280,1121
2093,1122
1017,1123
3251,1124
3384,1125
3629,1126
707,1127
3061,1128
1057,1129
2412,1130
3548,1131
3429,1132
1969,1133
861,1134
3099,1135
319,1136
2668,1137
2517,1138
382,1139
2505,1140
3675,1141
971,1142
2815,1143
3477,1144
3307,1145
383,1146
3501,1147
3723,1148
952,1149
1189,1150
426,1151
1927,1152
2059,1153
361,1154
3469,1155
1970,1156
3708,1157
2155,1158
355,1159
3238,1160
1354,1161
1633,1162
2676,1163
1457,1164
2447,1165
1295,1166
2524,1167
3478,1168
1643,1169
3366,1170
1480,1171
2793,1172
2070,1173
663,1174
2389,1175
3208,1176
1833,1177
599,1178
1735,1179
428,1180
2822,1181
2083,1182
1342,1183
249,1184
3549,1185
1873,1186
2188,1187
3145,1188
158,1189
2408,1190
2457,1191
3153,1192
1013,1193
373,1194
351,1195
237,1196
1264,1197
107,1198
996,1199
2114,1200
446,1201
225,1202
2022,1203
3169,1204
965,1205
101,1206
3004,1207
1689,1208
1963,1209
3089,1210
3439,1211
3197,1212
945,1213
366,1214
2906,1215
1627,1216
2090,1217
1924,1218
3821,1219
3018,1220
516,1221
1021,1222
2459,1223
3700,1224
3788,1225
2772,1226
413,1227
3365,1228
3764,1229
2121,1230
3819,1231
2374,1232
1218,1233
3102,1234
273,1235
307,1236
41,1237
1971,1238
1010,1239
2120,1240
1211,1241
3741,1242
1227,1243
2922,1244
3861,1245
1541,1246
2796,1247
2089,1248
2249,1249
1991,1250
719,1251
362,1252
2859,1253
2135,1254
2644,1255
1348,1256
1542,1257
2240,1258
2372,1259
879,1260
3707,1261
836,1262
2316,1263
86,1264
1611,1265
1939,1266
2558,1267
233,1268
2583,1269
3783,1270
1015,1271
3742,1272
3882,1273
2122,1274
804,1275
2232,1276
281,1277
2203,1278
1431,1279
1007,1280
3213,1281
986,1282
3932,1283
2709,1284
1205,1285
1713,1286
1130,1287
2147,1288
1772,1289
2677,1290
1290,1291
1178,1292
89,1293
2745,1294
276,1295
450,1296
1251,1297
448,1298
1615,1299
3516,1300
1762,1301
605,1302
1226,1303
2279,1304
2379,1305
1931,1306
3179,1307
2736,1308
73,1309
2693,1310
3032,1311
2399,1312
3930,1313
3546,1314
3342,1315
3074,1316
2136,1317
1359,1318
3729,1319
3444,1320
42,1321
1023,1322
2025,1323
423,1324
2099,1325
338,1326
3194,1327
1783,1328
175,1329
2670,1330
3430,1331
1132,1332
1392,1333
2159,1334
3466,1335
2553,1336
207,1337
1949,1338
3814,1339
3404,1340
1683,1341
256,1342
837,1343
728,1344
2387,1345
2269,1346
193,1347
1461,1348
1340,1349
1281,1350
611,1351
464,1352
1131,1353
3030,1354
282,1355
2123,1356
3426,1357
949,1358
1973,1359
2929,1360
2357,1361
2568,1362
194,1363
2907,1364
1799,1365
2202,1366
688,1367
3111,1368
2097,1369
1951,1370
3347,1371
491,1372
371,1373
280,1374
1194,1375
186,1376
381,1377
1821,1378
2877,1379
3682,1380
3422,1381
1727,1382
1389,1383
3394,1384
1191,1385
1064,1386
322,1387
3852,1388
417,1389
3093,1390
2606,1391
537,1392
3097,1393
542,1394
3928,1395
2163,1396
3022,1397
931,1398
1752,1399
3754,1400
176,1401
2392,1402
1946,1403
798,1404
3204,1405
3296,1406
203,1407
405,1408
533,1409
204,1410
2236,1411
3248,1412
519,1413
308,1414
1734,1415
2142,1416
2259,1417
2344,1418
2729,1419
3825,1420
3270,1421
2033,1422
1665,1423
1972,1424
3910,1425
3125,1426
2806,1427
2574,1428
3420,1429
3676,1430
2208,1431
1976,1432
3519,1433
2107,1434
2866,1435
3801,1436
1966,1437
1948,1438
1753,1439
2038,1440
1173,1441
1862,1442
2439,1443
2102,1444
2380,1445
2171,1446
2266,1447
1983,1448
218,1449
3724,1450
477,1451
3135,1452
1279,1453
3066,1454
85,1455
122,1456
1648,1457
1099,1458
2042,1459
2473,1460
2870,1461
407,1462
88,1463
3515,1464
2176,1465
3766,1466
3769,1467
1760,1468
188,1469
3324,1470
3029,1471
1649,1472
1446,1473
918,1474
932,1475
2373,1476
818,1477
2615,1478
2448,1479
2551,1480
1866,1481
3440,1482
3521,1483
947,1484
1353,1485
938,1486
2320,1487
2731,1488
429,1489
157,1490
906,1491
2952,1492
2091,1493
2252,1494
3831,1495
2106,1496
2752,1497
490,1498
2891,1499
3710,1500
3786,1501
2377,1502
2052,1503
2550,1504
891,1505
374,1506
2060,1507
3594,1508
3877,1509
94,1510
3693,1511
1995,1512
1289,1513
1515,1514
147,1515
2504,1516
2429,1517
3646,1518
2014,1519
1785,1520
3926,1521
3326,1522
1660,1523
3268,1524
3896,1525
28,1526
2183,1527
2331,1528
2520,1529
415,1530
512,1531
3598,1532
76,1533
3835,1534
550,1535
504,1536
3500,1537
3341,1538
2162,1539
1848,1540
3090,1541
1730,1542
2453,1543
482,1544
3299,1545
3538,1546
3834,1547
2549,1548
2263,1549
3412,1550
1066,1551
574,1552
3036,1553
901,1554
742,1555
2381,1556
1346,1557
3387,1558
2328,1559
1209,1560
262,1561
3200,1562
1858,1563
2560,1564
765,1565
943,1566
3773,1567
2071,1568
1975,1569
2771,1570
3272,1571
4,1572
2497,1573
277,1574
991,1575
1128,1576
1034,1577
540,1578
1977,1579
2546,1580
3606,1581
2730,1582
1806,1583
1425,1584
154,1585
1414,1586
239,1587
3483,1588
290,1589
3177,1590
3506,1591
2206,1592
1797,1593
2349,1594
1913,1595
3918,1596
81,1597
2148,1598
3167,1599
46,1600
2846,1601
427,1602
43,1603
2789,1604
3634,1605
3134,1606
3784,1607
2852,1608
2555,1609
195,1610
1875,1611
1083,1612
2879,1613
2902,1614
2506,1615
2639,1616
2836,1617
2092,1618
3262,1619
3181,1620
2017,1621
1487,1622
2633,1623
1593,1624
2787,1625
1401,1626
3051,1627
2261,1628
946,1629
2936,1630
3024,1631
3190,1632
332,1633
2026,1634
2900,1635
2943,1636
215,1637
1840,1638
2442,1639
3325,1640
2798,1641
3550,1642
12,1643
20,1644
1361,1645
2043,1646
289,1647
2361,1648
1150,1649
3660,1650
2829,1651
18,1652
3392,1653
549,1654
1016,1655
2540,1656
419,1657
3672,1658
3789,1659
848,1660
1445,1661
1699,1662
3480,1663
3078,1664
3529,1665
502,1666
3266,1667
2077,1668
1082,1669
1707,1670
714,1671
14,1672
315,1673
2525,1674
511,1675
438,1676
892,1677
1794,1678
842,1679
473,1680
3364,1681
3771,1682
2382,1683
330,1684
518,1685
2383,1686
3011,1687
3653,1688
3728,1689
3727,1690
2732,1691
2816,1692
1453,1693
3747,1694
2024,1695
2119,1696
234,1697
1177,1698
2315,1699
2184,1700
3929,1701
1187,1702
3865,1703
2432,1704
2385,1705
2611,1706
1474,1707
15,1708
1050,1709
1273,1710
3079,1711
2041,1712
2935,1713
1464,1714
782,1715
700,1716
1503,1717
2166,1718
2629,1719
3879,1720
2296,1721
1468,1722
3405,1723
258,1724
2430,1725
3015,1726
709,1727
328,1728
459,1729
299,1730
3503,1731
65,1732
3864,1733
3350,1734
2370,1735
1005,1736
1863,1737
581,1738
3457,1739
694,1740
3689,1741
2575,1742
3091,1743
1483,1744
358,1745
436,1746
2956,1747
2354,1748
3385,1749
31,1750
2154,1751
267,1752
378,1753
2069,1754
637,1755
2475,1756
3063,1757
3028,1758
140,1759
2492,1760
177,1761
2596,1762
3445,1763
1554,1764
248,1765
3846,1766
3616,1767
2748,1768
1726,1769
548,1770
2554,1771
1306,1772
2612,1773
1419,1774
1014,1775
2365,1776
3054,1777
1836,1778
2660,1779
3889,1780
839,1781
2195,1782
2757,1783
3937,1784
1011,1785
695,1786
558,1787
2310,1788
1681,1789
3327,1790
2654,1791
3475,1792
1897,1793
3206,1794
135,1795
2851,1796
2924,1797
1992,1798
479,1799
2996,1800
556,1801
1190,1802
936,1803
1498,1804
2526,1805
1085,1806
829,1807
2048,1808
2561,1809
3120,1810
2726,1811
948,1812
3142,1813
2169,1814
2458,1815
2241,1816
3287,1817
3584,1818
1176,1819
2027,1820
1985,1821
544,1822
227,1823
2040,1824
2860,1825
3436,1826
1623,1827
100,1828
3564,1829
2212,1830
2068,1831
2151,1832
662,1833
2967,1834
1986,1835
305,1836
360,1837
3571,1838
851,1839
3915,1840
1999,1841
1382,1842
2337,1843
2443,1844
23,1845
1024,1846
1465,1847
2817,1848
2280,1849
3182,1850
3925,1851
547,1852
1484,1853
2498,1854
1018,1855
2170,1856
213,1857
761,1858
3604,1859
2436,1860
3690,1861
3286,1862
1938,1863
3225,1864
3600,1865
2828,1866
1003,1867
1390,1868
691,1869
1305,1870
3794,1871
2364,1872
2290,1873
801,1874
627,1875
74,1876
3758,1877
346,1878
810,1879
2325,1880
1804,1881
2888,1882
3554,1883
2500,1884
2535,1885
1942,1886
352,1887
2882,1888
3130,1889
2932,1890
3045,1891
2181,1892
199,1893
521,1894
2899,1895
3824,1896
2360,1897
523,1898
1658,1899
2460,1900
159,1901
3557,1902
1919,1903
2514,1904
1330,1905
123,1906
2491,1907
506,1908
257,1909
334,1910
1978,1911
79,1912
1904,1913
169,1914
2451,1915
1941,1916
1667,1917
1998,1918
3709,1919
3401,1920
2095,1921
2272,1922
312,1923
3725,1924
1979,1925
1363,1926
1592,1927
3936,1928
1996,1929
3840,1930
2975,1931
63,1932
2351,1933
1598,1934
2173,1935
1069,1936
2418,1937
3115,1938
1606,1939
2016,1940
2165,1941
1686,1942
1629,1943
229,1944
1043,1945
1366,1946
3330,1947
1855,1948
2988,1949
743,1950
2782,1951
2669,1952
575,1953
1935,1954
2940,1955
3627,1956
2066,1957
3807,1958
451,1959
692,1960
3901,1961
1192,1962
465,1963
393,1964
187,1965
425,1966
907,1967
3406,1968
1984,1969
941,1970
809,1971
2548,1972
2314,1973
3017,1974
2050,1975
886,1976
3923,1977
3767,1978
2937,1979
1824,1980
1399,1981
1535,1982
2149,1983
3599,1984
835,1985
2978,1986
3357,1987
781,1988
1827,1989
259,1990
9,1991
3872,1992
2645,1993
387,1994
2570,1995
2898,1996
2587,1997
2624,1998
1332,1999
3628,2000
3643,2001
735,2002
1816,2003
1004,2004
3094,2005
2051,2006
3799,2007
569,2008
2920,2009
26,2010
445,2011
766,2012
190,2013
978,2014
1432,2015
3946,2016
2327,2017
1362,2018
1758,2019
13,2020
1981,2021
126,2022
2435,2023
2927,2024
57,2025
2799,2026
3726,2027
897,2028
1051,2029
2182,2030
2495,2031
2970,2032
2903,2033
2239,2034
66,2035
489,2036
944,2037
1993,2038
3214,2039
1008,2040
388,2041
3544,2042
3943,2043
1162,2044
2356,2045
2036,2046
2519,2047
71,2048
3497,2049
3391,2050
2725,2051
2178,2052
2347,2053
1841,2054
3379,2055
501,2056
421,2057
2661,2058
1352,2059
3613,2060
1161,2061
1460,2062
3895,2063
1167,2064
1111,2065
3096,2066
3076,2067
456,2068
929,2069
2472,2070
181,2071
72,2072
2084,2073
998,2074
2634,2075
606,2076
171,2077
3619,2078
3662,2079
3509,2080
3908,2081
3275,2082
3470,2083
2330,2084
1788,2085
2807,2086
2969,2087
1980,2088
1184,2089
3217,2090
2057,2091
132,2092
1940,2093
1987,2094
2801,2095
725,2096
3678,2097
1046,2098
2306,2099
2856,2100
1647,2101
1236,2102
414,2103
1410,2104
650,2105
416,2106
93,2107
82,2108
3453,2109
3837,2110
2204,2111
2862,2112
3502,2113
2682,2114
92,2115
1526,2116
1605,2117
1661,2118
3077,2119
3715,2120
1646,2121
1654,2122
1216,2123
3399,2124
155,2125
3919,2126
2714,2127
2749,2128
458,2129
3720,2130
461,2131
302,2132
3370,2133
2437,2134
2721,2135
3046,2136
1621,2137
3713,2138
3590,2139
697,2140
205,2141
3431,2142
2488,2143
340,2144
1640,2145
927,2146
1600,2147
1929,2148
3622,2149
2521,2150
2265,2151
2264,2152
522,2153
2177,2154
3813,2155
3810,2156
2844,2157
1733,2158
3661,2159
2511,2160
2780,2161
3553,2162
973,2163
3859,2164
1936,2165
1670,2166
1454,2167
206,2168
3055,2169
613,2170
2651,2171
982,2172
3086,2173
2983,2174
1054,2175
3768,2176
2696,2177
1475,2178
1626,2179
174,2180
444,2181
2075,2182
1440,2183
275,2184
242,2185
3425,2186
64,2187
612,2188
2738,2189
2168,2190
2113,2191
117,2192
2255,2193
2522,2194
270,2195
833,2196
3230,2197
639,2198
1006,2199
1655,2200
2238,2201
3224,2202
3743,2203
1934,2204
3738,2205
1355,2206
2928,2207
2769,2208
1744,2209
3547,2210
635,2211
917,2212
3572,2213
881,2214
2029,2215
87,2216
2098,2217
1404,2218
2271,2219
1601,2220
424,2221
631,2222
191,2223
764,2224
30,2225
3423,2226
2417,2227
2267,2228
2295,2229
3038,2230
483,2231
2445,2232
1642,2233
3427,2234
1545,2235
3417,2236
3117,2237
3041,2238
3447,2239
2965,2240
2786,2241
2880,2242
3792,2243
1856,2244
3432,2245
408,2246
1202,2247
3199,2248
1870,2249
1442,2250
3340,2251
449,2252
365,2253
640,2254
2665,2255
935,2256
3235,2257
1550,2258
3048,2259
3732,2260
3669,2261
2275,2262
35,2263
1241,2264
3112,2265
3914,2266
3822,2267
2276,2268
3180,2269
2062,2270
3658,2271
2419,2272
469,2273
2152,2274
893,2275
3746,2276
2621,2277
3858,2278
2905,2279
152,2280
3075,2281
988,2282
3909,2283
1839,2284
505,2285
2607,2286
118,2287
528,2288
2774,2289
3103,2290
8,2291
1881,2292
3579,2293
3487,2294
2874,2295
609,2296
513,2297
453,2298
615,2299
1599,2300
2609,2301
2974,2302
354,2303
3716,2304
61,2305
3920,2306
3511,2307
2625,2308
156,2309
3118,2310
2582,2311
2073,2312
3138,2313
3491,2314
3211,2315
3795,2316
3823,2317
255,2318
3714,2319
3375,2320
3696,2321
2649,2322
2972,2323
2007,2324
1595,2325
3013,2326
1604,2327
3456,2328
3042,2329
3774,2330
217,2331
486,2332
1337,2333
1731,2334
3109,2335
437,2336
1456,2337
2597,2338
680,2339
2589,2340
1837,2341
1937,2342
3787,2343
1398,2344
2781,2345
1750,2346
271,2347
1397,2348
1482,2349
2784,2350
2868,2351
2446,2352
3368,2353
3514,2354
1703,2355
487,2356
2250,2357
2461,2358
580,2359
3694,2360
711,2361
3141,2362
3679,2363
2594,2364
363,2365
2656,2366
3459,2367
3310,2368
321,2369
2790,2370
565,2371
326,2372
166,2373
2741,2374
1900,2375
3718,2376
1943,2377
27,2378
3165,2379
2885,2380
2283,2381
1887,2382
3596,2383
806,2384
2434,2385
1582,2386
3150,2387
3857,2388
3064,2389
68,2390
102,2391
3577,2392
390,2393
759,2394
1581,2395
3496,2396
882,2397
2386,2398
3428,2399
1684,2400
2667,2401
1365,2402
3663,2403
959,2404
2818,2405
2368,2406
3806,2407
603,2408
2180,2409
369,2410
2425,2411
3692,2412
803,2413
2925,2414
2035,2415
3241,2416
1523,2417
3734,2418
422,2419
2753,2420
976,2421
1326,2422
3304,2423
670,2424
2835,2425
3127,2426
3833,2427
3372,2428
269,2429
2045,2430
1609,2431
3069,2432
577,2433
536,2434
3395,2435
1612,2436
747,2437
1746,2438
3947,2439
1336,2440
963,2441
2507,2442
313,2443
467,2444
2462,2445
2037,2446
268,2447
3664,2448
3518,2449
990,2450
2210,2451
2285,2452
3950,2453
1255,2454
3188,2455
2751,2456
828,2457
1865,2458
2663,2459
113,2460
2820,2461
2104,2462
3302,2463
3031,2464
3695,2465
2362,2466
1791,2467
1341,2468
1428,2469
2647,2470
1922,2471
779,2472
2939,2473
2499,2474
2190,2475
2515,2476
715,2477
1516,2478
3903,2479
209,2480
1232,2481
80,2482
3289,2483
2044,2484
1759,2485
896,2486
1756,2487
3605,2488
3393,2489
2652,2490
1988,2491
3416,2492
1869,2493
3008,2494
3128,2495
710,2496
1427,2497
964,2498
3790,2499
1650,2500
1331,2501
1624,2502
1180,2503
3620,2504
3414,2505
3655,2506
78,2507
1413,2508
99,2509
840,2510
2733,2511
1113,2512
1056,2513
3737,2514
1546,2515
499,2516
3602,2517
182,2518
3870,2519
3014,2520
2260,2521
1889,2522
870,2523
325,2524
1631,2525
3281,2526
3144,2527
409,2528
3626,2529
1447,2530
2573,2531
291,2532
309,2533
1472,2534
2697,2535
3371,2536
3433,2537
179,2538
1497,2539
2590,2540
2585,2541
1854,2542
433,2543
3318,2544
888,2545
3588,2546
498,2547
813,2548
1739,2549
463,2550
2708,2551
667,2552
3921,2553
668,2554
1896,2555
1771,2556
3674,2557
2440,2558
3680,2559
3839,2560
149,2561
2655,2562
731,2563
279,2564
1439,2565
2812,2566
2659,2567
3765,2568
3276,2569
2618,2570
347,2571
3320,2572
3284,2573
1571,2574
3677,2575
55,2576
240,2577
3898,2578
1925,2579
3719,2580
2977,2581
564,2582
2516,2583
3183,2584
472,2585
937,2586
3808,2587
2341,2588
1495,2589
1860,2590
875,2591
97,2592
1812,2593
3782,2594
2479,2595
2614,2596
3158,2597
2237,2598
1525,2599
1310,2600
2681,2601
1602,2602
1417,2603
885,2604
3454,2605
2876,2606
3849,2607
2284,2608
808,2609
3731,2610
1323,2611
301,2612
3945,2613
2345,2614
2286,2615
3804,2616
3367,2617
3339,2618
2400,2619
510,2620
2893,2621
2653,2622
2884,2623
2523,2624
704,2625
869,2626
294,2627
1507,2628
621,2629
1105,2630
495,2631
2477,2632
3838,2633
3133,2634
343,2635
1798,2636
2055,2637
2465,2638
3691,2639
2842,2640
116,2641
3780,2642
54,2643
1910,2644
602,2645
2630,2646
2689,2647
2610,2648
2704,2649
210,2650
2848,2651
335,2652
2810,2653
1563,2654
278,2655
956,2656
2566,2657
384,2658
3884,2659
391,2660
987,2661
1473,2662
3951,2663
3886,2664
1317,2665
3043,2666
2032,2667
3343,2668
3851,2669
1826,2670
3739,2671
3912,2672
3632,2673
2646,2674
3736,2675
3539,2676
3855,2677
3922,2678
488,2679
656,2680
3446,2681
2179,2682
3442,2683
1668,2684
846,2685
2744,2686
3816,2687
254,2688
3659,2689
3389,2690
3132,2691
3434,2692
460,2693
1867,2694
2307,2695
470,2696
2982,2697
452,2698
1669,2699
2049,2700
496,2701
2103,2702
957,2703
3597,2704
1677,2705
3049,2706
3820,2707
2979,2708
1489,2709
970,2710
2552,2711
1547,2712
2031,2713
3569,2714
3239,2715
121,2716
2536,2717
1829,2718
2638,2719
1551,2720
1329,2721
1415,2722
1932,2723
1564,2724
1169,2725
1508,2726
3021,2727
2620,2728
1809,2729
705,2730
2323,2731
476,2732
3331,2733
3567,2734
568,2735
1112,2736
1053,2737
665,2738
2626,2739
3002,2740
3010,2741
1068,2742
1044,2743
3667,2744
1351,2745
2481,2746
3759,2747
304,2748
2593,2749
3610,2750
1463,2751
2537,2752
571,2753
3124,2754
3537,2755
2878,2756
211,2757
1119,2758
3449,2759
77,2760
3805,2761
2766,2762
2637,2763
2650,2764
3110,2765
2205,2766
3390,2767
718,2768
324,2769
3073,2770
3311,2771
760,2772
1123,2773
83,2774
984,2775
201,2776
1825,2777
3711,2778
2886,2779
3240,2780
2847,2781
3143,2782
3900,2783
103,2784
753,2785
1926,2786
238,2787
1596,2788
3913,2789
1322,2790
3403,2791
1859,2792
320,2793
3906,2794
3520,2795
2711,2796
2894,2797
619,2798
1695,2799
1906,2800
2756,2801
2727,2802
2449,2803
3218,2804
1529,2805
447,2806
341,2807
2755,2808
2938,2809
2635,2810
3673,2811
1114,2812
2992,2813
746,2814
443,2815
1151,2816
2758,2817
862,2818
202,2819
3587,2820
3612,2821
2849,2822
40,2823
1755,2824
3843,2825
2482,2826
1902,2827
1613,2828
3559,2829
685,2830
250,2831
3222,2832
600,2833
2131,2834
386,2835
850,2836
1152,2837
3797,2838
418,2839
3400,2840
3580,2841
241,2842
2086,2843
1928,2844
2579,2845
183,2846
1844,2847
295,2848
3221,2849
3781,2850
484,2851
3122,2852
1312,2853
2778,2854
3223,2855
2813,2856
38,2857
824,2858
3540,2859
583,2860
3942,2861
3934,2862
214,2863
2666,2864
2864,2865
2493,2866
3761,2867
1585,2868
263,2869
3586,2870
997,2871
2896,2872
2853,2873
462,2874
716,2875
297,2876
2577,2877
1696,2878
3845,2879
3319,2880
2945,2881
220,2882
1583,2883
3338,2884
2339,2885
2426,2886
1477,2887
2196,2888
2559,2889
3938,2890
2494,2891
3329,2892
1874,2893
3931,2894
3531,2895
722,2896
49,2897
702,2898
1880,2899
2674,2900
3939,2901
184,2902
1063,2903
1767,2904
3924,2905
3885,2906
1572,2907
3568,2908
3562,2909
3573,2910
3665,2911
1490,2912
554,2913
2187,2914
2441,2915
659,2916
3349,2917
392,2918
2678,2919
1328,2920
2305,2921
2483,2922
2785,2923
3830,2924
3171,2925
841,2926
1496,2927
3106,2928
2293,2929
2767,2930
2128,2931
2586,2932
1814,2933
3847,2934
3309,2935
3473,2936
3874,2937
3776,2938
3756,2939
3192,2940
274,2941
767,2942
3902,2943
430,2944
1857,2945
1533,2946
877,2947
867,2948
1679,2949
2256,2950
1511,2951
478,2952
1406,2953
3721,2954
2743,2955
1458,2956
3306,2957
961,2958
3935,2959
148,2960
298,2961
1325,2962
3415,2963
669,2964
1725,2965
1076,2966
570,2967
3345,2968
2843,2969
1067,2970
2737,2971
1570,2972
2397,2973
3402,2974
1426,2975
967,2976
2047,2977
2800,2978
1421,2979
2873,2980
3941,2981
1879,2982
3749,2983
1728,2984
3488,2985
1455,2986
2715,2987
1671,2988
1324,2989
219,2990
1509,2991
2189,2992
287,2993
84,2994
1437,2995
876,2996
1933,2997
573,2998
3532,2999
525,3000
3162,3001
1335,3002
1822,3003
331,3004
3894,3005
3670,3006
2837,3007
2074,3008
3832,3009
1893,3010
2227,3011
1657,3012
1632,3013
2292,3014
1666,3015
633,3016
3092,3017
3464,3018
960,3019
2157,3020
1662,3021
645,3022
831,3023
2865,3024
2809,3025
2897,3026
3854,3027
3344,3028
3637,3029
2201,3030
1000,3031
1412,3032
2158,3033
992,3034
2164,3035
3313,3036
3775,3037
3848,3038
1692,3039
3862,3040
1846,3041
2691,3042
389,3043
178,3044
336,3045
3585,3046
1055,3047
638,3048
2512,3049
3161,3050
1163,3051
626,3052
2211,3053
1549,3054
2452,3055
1494,3056
359,3057
2350,3058
1770,3059
771,3060
2544,3061
3121,3062
146,3063
251,3064
3465,3065
3047,3066
3645,3067
2175,3068
283,3069
2056,3070
1501,3071
2834,3072
1087,3073
1168,3074
2509,3075
3880,3076
394,3077
2534,3078
617,3079
2913,3080
2904,3081
1807,3082
2963,3083
3139,3084
2740,3085
3490,3086
375,3087
1651,3088
1853,3089
1565,3090
1170,3091
2185,3092
1493,3093
3574,3094
2923,3095
3757,3096
2257,3097
563,3098
1116,3099
197,3100
3644,3101
3474,3102
974,3103
3933,3104
649,3105
3625,3106
3860,3107
131,3108
3050,3109
1990,3110
3817,3111
3137,3112
3333,3113
1144,3114
1504,3115
2415,3116
3883,3117
751,3118
2008,3119
3351,3120
2388,3121
1989,3122
681,3123
2298,3124
3374,3125
3940,3126
3611,3127
2981,3128
1154,3129
1574,3130
189,3131
2101,3132
3283,3133
1520,3134
2079,3135
1450,3136
1349,3137
3581,3138
2824,3139
1423,3140
2627,3141
1153,3142
124,3143
807,3144
1656,3145
212,3146
3025,3147
2773,3148
1575,3149
2246,3150
2775,3151
1898,3152
3492,3153
567,3154
1715,3155
503,3156
1313,3157
566,3158
561,3159
754,3160
129,3161
2998,3162
3853,3163
1502,3164
1811,3165
137,3166
3796,3167
2768,3168
632,3169
119,3170
3563,3171
958,3172
2636,3173
228,3174
96,3175
411,3176
2466,3177
1793,3178
3850,3179
3642,3180
1850,3181
2776,3182
1121,3183
3419,3184
3640,3185
3437,3186
3867,3187
2964,3188
128,3189
3058,3190
3335,3191
2545,3192
75,3193
1817,3194
2754,3195
106,3196
2326,3197
200,3198
3878,3199
2892,3200
1117,3201
2215,3202
3495,3203
925,3204
397,3205
769,3206
864,3207
1539,3208
2830,3209
1058,3210
2695,3211
1531,3212
3215,3213
3777,3214
1743,3215
2281,3216
1383,3217
939,3218
2854,3219
2342,3220
114,3221
2658,3222
2914,3223
1864,3224
2197,3225
1038,3226
245,3227
3116,3228
962,3229
1675,3230
2221,3231
2632,3232
1878,3233
860,3234
3012,3235
863,3236
3282,3237
793,3238
2962,3239
2994,3240
2839,3241
2855,3242
2219,3243
243,3244
1749,3245
2931,3246
3892,3247
1899,3248
3463,3249
385,3250
244,3251
2675,3252
3570,3253
2191,3254
1872,3255
2209,3256
703,3257
3486,3258
1181,3259
2783,3260
