44,0
1864,1
1693,2
967,3
1041,4
2873,5
1232,6
3549,7
492,8
4300,9
3543,10
3845,11
2302,12
3570,13
1866,14
5565,15
462,16
5410,17
5787,18
3162,19
4175,20
1306,21
5710,22
5190,23
3398,24
497,25
2879,26
3208,27
4706,28
5535,29
296,30
3907,31
1645,32
4650,33
4791,34
754,35
595,36
2052,37
4454,38
4969,39
3989,40
4923,41
2287,42
735,43
5308,44
1226,45
905,46
3152,47
4970,48
6008,49
289,50
3835,51
281,52
2376,53
2515,54
3200,55
1856,56
1821,57
12,58
3695,59
3437,60
3864,61
898,62
4524,63
5053,64
5550,65
861,66
4838,67
2018,68
1039,69
435,70
3856,71
4635,72
2490,73
1676,74
3223,75
3973,76
3759,77
775,78
3452,79
123,80
5691,81
5834,82
2590,83
1431,84
3278,85
4211,86
2514,87
921,88
2086,89
4076,90
8,91
465,92
3316,93
2934,94
4363,95
4121,96
3257,97
4418,98
1612,99
1628,100
5566,101
3816,102
5735,103
4817,104
5965,105
4586,106
1278,107
1122,108
5728,109
3933,110
2533,111
3737,112
4115,113
5205,114
5768,115
3134,116
2148,117
2631,118
1297,119
158,120
787,121
766,122
4310,123
163,124
1921,125
3942,126
5083,127
2577,128
5603,129
2496,130
2867,131
5921,132
3795,133
2482,134
167,135
377,136
3955,137
2783,138
2001,139
886,140
5553,141
366,142
694,143
5339,144
3949,145
3748,146
1779,147
551,148
5393,149
1829,150
4983,151
1555,152
729,153
612,154
3879,155
1488,156
5900,157
143,158
4608,159
2138,160
3676,161
6009,162
512,163
1546,164
5820,165
1935,166
2926,167
5646,168
3722,169
1830,170
4742,171
1713,172
3535,173
5185,174
3728,175
4998,176
3842,177
4603,178
2752,179
1393,180
178,181
3067,182
5527,183
1989,184
5958,185
3393,186
2229,187
3740,188
4206,189
5805,190
5029,191
3439,192
3575,193
4938,194
3244,195
2671,196
4948,197
5520,198
4136,199
2924,200
5230,201
1848,202
2546,203
1826,204
5790,205
2654,206
4472,207
5860,208
2180,209
5840,210
5257,211
378,212
3657,213
4284,214
326,215
5201,216
408,217
3496,218
5891,219
1173,220
1626,221
2037,222
5825,223
4416,224
547,225
2971,226
5462,227
2952,228
569,229
1282,230
2082,231
5281,232
3303,233
4401,234
3374,235
507,236
5018,237
438,238
3370,239
1881,240
2132,241
4493,242
1368,243
688,244
1561,245
4589,246
3635,247
1117,248
400,249
1052,250
1155,251
3255,252
4001,253
3902,254
500,255
4762,256
64,257
2468,258
1336,259
1818,260
5043,261
4287,262
5226,263
1056,264
1193,265
5211,266
876,267
776,268
4249,269
4760,270
237,271
1836,272
5874,273
2765,274
5745,275
4496,276
875,277
1014,278
1371,279
4419,280
816,281
4918,282
4246,283
5662,284
9,285
3347,286
1342,287
3149,288
3997,289
1659,290
1032,291
105,292
5195,293
2642,294
5796,295
2295,296
844,297
5998,298
3058,299
2044,300
4344,301
3287,302
5132,303
1153,304
2003,305
2275,306
5798,307
2443,308
3811,309
2758,310
2689,311
3888,312
5224,313
2650,314
539,315
4350,316
3604,317
1927,318
574,319
2235,320
2382,321
460,322
1932,323
4085,324
5130,325
1765,326
1646,327
535,328
5595,329
5294,330
5436,331
2271,332
4932,333
1964,334
103,335
922,336
60,337
1143,338
4720,339
944,340
719,341
1859,342
425,343
4407,344
2799,345
207,346
5369,347
5673,348
2163,349
5403,350
4837,351
2999,352
1257,353
1600,354
2458,355
4707,356
4547,357
4617,358
4464,359
4466,360
2751,361
2874,362
4901,363
1644,364
1506,365
478,366
904,367
5624,368
4274,369
4501,370
269,371
71,372
3951,373
1206,374
4224,375
1433,376
94,377
4736,378
5252,379
2255,380
4404,381
4877,382
2477,383
4539,384
2071,385
4633,386
5884,387
3032,388
4696,389
2225,390
3569,391
4157,392
2718,393
348,394
2461,395
4781,396
1768,397
2410,398
1594,399
32,400
3182,401
5596,402
4432,403
241,404
1923,405
4497,406
1538,407
1571,408
5265,409
1376,410
25,411
2216,412
2480,413
3887,414
5914,415
5236,416
3384,417
1178,418
4122,419
6029,420
4222,421
5069,422
3145,423
928,424
665,425
2341,426
5924,427
414,428
4640,429
129,430
1764,431
1954,432
3417,433
4660,434
98,435
5374,436
1420,437
5926,438
804,439
112,440
5703,441
1358,442
4587,443
3421,444
3581,445
3396,446
5498,447
4003,448
368,449
4335,450
4689,451
5628,452
802,453
3627,454
5895,455
1403,456
148,457
897,458
605,459
1518,460
2951,461
3717,462
4508,463
5512,464
5079,465
3400,466
1301,467
5846,468
1782,469
2911,470
1980,471
4858,472
4111,473
1363,474
4342,475
2046,476
814,477
2986,478
2606,479
1115,480
4481,481
4244,482
2173,483
2549,484
4744,485
3014,486
4307,487
1360,488
2615,489
5908,490
3098,491
244,492
2900,493
473,494
3262,495
5973,496
228,497
2004,498
2819,499
2244,500
1268,501
3356,502
5114,503
5234,504
3838,505
4855,506
327,507
5153,508
2685,509
3802,510
3711,511
2608,512
3584,513
3796,514
2665,515
4600,516
5483,517
1695,518
2956,519
5220,520
4626,521
5835,522
1684,523
2667,524
2181,525
2405,526
1668,527
5119,528
5858,529
5707,530
4906,531
4512,532
5310,533
5777,534
3226,535
2541,536
407,537
4358,538
5039,539
2739,540
5502,541
5186,542
2307,543
683,544
864,545
1111,546
3821,547
3752,548
4081,549
2408,550
5432,551
1464,552
1444,553
2097,554
3681,555
2914,556
1334,557
1174,558
674,559
4345,560
3084,561
567,562
5342,563
1353,564
762,565
4605,566
3028,567
2357,568
521,569
2250,570
4850,571
1215,572
4967,573
1540,574
1649,575
1770,576
4459,577
3499,578
580,579
2118,580
4127,581
173,582
3854,583
5240,584
1272,585
204,586
791,587
740,588
4945,589
5594,590
2321,591
3431,592
224,593
4228,594
4087,595
3353,596
1350,597
3087,598
2172,599
1550,600
2614,601
2961,602
5452,603
5032,604
3683,605
1460,606
5429,607
5813,608
3610,609
2362,610
5033,611
2682,612
3799,613
1990,614
4078,615
5322,616
3524,617
2905,618
3350,619
5164,620
5255,621
336,622
4814,623
790,624
3936,625
5416,626
1791,627
1618,628
5440,629
4541,630
532,631
4900,632
3340,633
1002,634
5254,635
1572,636
509,637
1510,638
1852,639
2754,640
5687,641
3563,642
731,643
543,644
3912,645
270,646
1601,647
2915,648
2269,649
613,650
4786,651
1005,652
3970,653
3151,654
4729,655
1589,656
5974,657
4895,658
1047,659
3739,660
3771,661
1484,662
2369,663
4731,664
2548,665
819,666
2204,667
608,668
5491,669
5753,670
3659,671
1870,672
536,673
172,674
1625,675
1180,676
4943,677
1636,678
2506,679
581,680
2735,681
5556,682
1623,683
3342,684
5925,685
2152,686
3868,687
3510,688
4008,689
229,690
5302,691
3299,692
3052,693
4311,694
3441,695
3306,696
4772,697
3143,698
2296,699
4204,700
3813,701
2803,702
710,703
680,704
3540,705
1430,706
1019,707
800,708
1382,709
4621,710
5590,711
1402,712
4713,713
1725,714
3351,715
4405,716
3520,717
183,718
4046,719
115,720
2416,721
5016,722
2237,723
1706,724
607,725
2121,726
5011,727
4386,728
409,729
2684,730
1751,731
4653,732
2234,733
1778,734
4538,735
5811,736
2409,737
3414,738
233,739
206,740
679,741
17,742
4192,743
553,744
1808,745
5102,746
5041,747
4676,748
4688,749
827,750
3666,751
78,752
464,753
649,754
4015,755
3011,756
301,757
5612,758
311,759
2747,760
1568,761
5427,762
4821,763
2822,764
2465,765
350,766
2589,767
1880,768
1092,769
5003,770
2844,771
3019,772
3336,773
2753,774
3459,775
3132,776
278,777
1718,778
4845,779
5296,780
1754,781
2904,782
2253,783
4552,784
3209,785
5219,786
6040,787
3061,788
2242,789
3597,790
3380,791
6004,792
5899,793
966,794
1537,795
5843,796
136,797
1548,798
2572,799
258,800
1471,801
2199,802
591,803
4168,804
3345,805
4156,806
5712,807
5500,808
151,809
2604,810
3906,811
3996,812
3161,813
4550,814
314,815
1919,816
2467,817
5944,818
5997,819
1790,820
3805,821
546,822
4985,823
4415,824
3587,825
647,826
4124,827
3457,828
5920,829
5873,830
860,831
184,832
3125,833
4180,834
4305,835
1034,836
1323,837
179,838
3516,839
596,840
2750,841
3798,842
358,843
3359,844
5361,845
5760,846
412,847
1078,848
1891,849
1217,850
3757,851
4398,852
964,853
1531,854
2067,855
1604,856
2264,857
3021,858
4665,859
3641,860
1823,861
6038,862
510,863
5259,864
2389,865
2626,866
2364,867
5194,868
5149,869
4929,870
2061,871
416,872
5175,873
1339,874
6012,875
420,876
4243,877
4291,878
5326,879
1901,880
4456,881
5360,882
4695,883
4357,884
4811,885
1296,886
5795,887
4322,888
2122,889
3693,890
1355,891
5661,892
5071,893
3784,894
5877,895
1199,896
4247,897
1731,898
4834,899
2851,900
5020,901
2818,902
5733,903
3663,904
4475,905
1093,906
3593,907
3892,908
402,909
1994,910
3043,911
5379,912
1539,913
4434,914
2519,915
3156,916
2205,917
1746,918
2950,919
1158,920
3724,921
308,922
5212,923
5904,924
3797,925
1875,926
2322,927
2709,928
4199,929
1148,930
3640,931
3338,932
1928,933
3169,934
2544,935
4320,936
1813,937
1831,938
3481,939
2830,940
1865,941
372,942
1987,943
542,944
2116,945
5737,946
2251,947
3298,948
979,949
2134,950
1261,951
200,952
5176,953
3777,954
5126,955
1592,956
3466,957
2153,958
5407,959
251,960
3460,961
5917,962
2622,963
4940,964
1925,965
3929,966
1218,967
1266,968
208,969
4884,970
2811,971
2785,972
3101,973
5888,974
5923,975
5781,976
5341,977
2777,978
1237,979
2056,980
4683,981
3033,982
720,983
3322,984
1749,985
277,986
5238,987
2748,988
1820,989
4951,990
5772,991
5146,992
4738,993
5913,994
2556,995
3079,996
5085,997
3639,998
5019,999
5677,1000
836,1001
4476,1002
339,1003
3550,1004
2565,1005
4823,1006
4058,1007
1281,1008
5366,1009
1449,1010
4378,1011
5672,1012
5196,1013
2732,1014
2320,1015
893,1016
5141,1017
3788,1018
2042,1019
4255,1020
4568,1021
4149,1022
5471,1023
1087,1024
2017,1025
936,1026
2704,1027
1758,1028
1171,1029
4293,1030
1730,1031
4723,1032
5417,1033
2455,1034
3297,1035
625,1036
661,1037
4859,1038
4975,1039
859,1040
4422,1041
2096,1042
1279,1043
2174,1044
1188,1045
1013,1046
1685,1047
1660,1048
3704,1049
4209,1050
5047,1051
2076,1052
3743,1053
2620,1054
5150,1055
5370,1056
1938,1057
4758,1058
3328,1059
62,1060
3382,1061
4188,1062
2009,1063
391,1064
5350,1065
3137,1066
4110,1067
3277,1068
2899,1069
1733,1070
1080,1071
302,1072
2965,1073
1421,1074
1071,1075
2842,1076
6,1077
2998,1078
4993,1079
108,1080
5948,1081
4165,1082
2399,1083
4134,1084
588,1085
5324,1086
428,1087
822,1088
1219,1089
2675,1090
1819,1091
4978,1092
3224,1093
2962,1094
1085,1095
3910,1096
4962,1097
2736,1098
798,1099
4245,1100
4764,1101
3402,1102
5490,1103
5377,1104
3750,1105
5174,1106
276,1107
1202,1108
4902,1109
3732,1110
1845,1111
4907,1112
3969,1113
3839,1114
4693,1115
2259,1116
4572,1117
1824,1118
2306,1119
850,1120
4532,1121
371,1122
4042,1123
987,1124
4470,1125
2908,1126
3619,1127
2745,1128
771,1129
5329,1130
1759,1131
5344,1132
5559,1133
526,1134
4928,1135
828,1136
4387,1137
4266,1138
764,1139
456,1140
4634,1141
284,1142
2656,1143
3367,1144
5794,1145
1448,1146
4039,1147
3063,1148
3956,1149
2218,1150
1622,1151
2466,1152
440,1153
696,1154
1710,1155
5903,1156
1665,1157
2870,1158
5458,1159
4797,1160
447,1161
3029,1162
5577,1163
1054,1164
5091,1165
2939,1166
4444,1167
2167,1168
678,1169
2707,1170
405,1171
629,1172
3261,1173
5159,1174
5744,1175
3567,1176
66,1177
3334,1178
4108,1179
4959,1180
604,1181
4280,1182
3953,1183
2833,1184
5697,1185
1015,1186
4043,1187
1671,1188
4954,1189
2975,1190
3769,1191
3598,1192
5579,1193
1475,1194
4864,1195
769,1196
3590,1197
4982,1198
5181,1199
4965,1200
1352,1201
3163,1202
4373,1203
4253,1204
5383,1205
2000,1206
1785,1207
4672,1208
2958,1209
831,1210
2618,1211
668,1212
825,1213
4128,1214
4463,1215
1438,1216
3228,1217
1066,1218
2002,1219
3895,1220
5304,1221
4097,1222
4090,1223
4528,1224
3418,1225
4619,1226
3412,1227
4438,1228
3403,1229
5538,1230
2313,1231
481,1232
847,1233
1719,1234
830,1235
1552,1236
5668,1237
3623,1238
573,1239
5449,1240
4989,1241
1998,1242
2263,1243
4130,1244
753,1245
3628,1246
1427,1247
5056,1248
4958,1249
1861,1250
4449,1251
2359,1252
4319,1253
3105,1254
610,1255
4638,1256
300,1257
1949,1258
2386,1259
5487,1260
5957,1261
1595,1262
1053,1263
3843,1264
2016,1265
5679,1266
723,1267
3889,1268
5723,1269
58,1270
3841,1271
1556,1272
4610,1273
660,1274
3963,1275
4060,1276
550,1277
2438,1278
1139,1279
5315,1280
1293,1281
2335,1282
3064,1283
941,1284
1959,1285
672,1286
96,1287
6028,1288
3204,1289
3133,1290
5678,1291
2611,1292
3763,1293
4946,1294
2841,1295
4292,1296
5076,1297
4743,1298
4490,1299
1298,1300
5786,1301
5293,1302
1029,1303
628,1304
4703,1305
1461,1306
795,1307
5911,1308
4084,1309
4780,1310
4936,1311
2710,1312
2919,1313
1908,1314
2294,1315
2815,1316
2338,1317
3229,1318
2036,1319
1911,1320
247,1321
5232,1322
1441,1323
1038,1324
3166,1325
1453,1326
1194,1327
3820,1328
4766,1329
1191,1330
5648,1331
3506,1332
3422,1333
3735,1334
5696,1335
743,1336
5907,1337
3375,1338
4002,1339
1544,1340
4479,1341
5248,1342
707,1343
1979,1344
3726,1345
413,1346
92,1347
1337,1348
3489,1349
5664,1350
3327,1351
3794,1352
3918,1353
2355,1354
2165,1355
4139,1356
3775,1357
4445,1358
5249,1359
5021,1360
4759,1361
51,1362
2353,1363
1872,1364
4143,1365
1501,1366
1147,1367
4069,1368
6001,1369
2446,1370
4259,1371
3217,1372
1549,1373
3857,1374
3357,1375
2988,1376
5256,1377
2177,1378
713,1379
4162,1380
367,1381
1688,1382
387,1383
3233,1384
3684,1385
2720,1386
5756,1387
5365,1388
4396,1389
3532,1390
2505,1391
3807,1392
5971,1393
4166,1394
1530,1395
3715,1396
6026,1397
2744,1398
2977,1399
352,1400
2540,1401
5285,1402
4976,1403
5793,1404
5645,1405
88,1406
2592,1407
3259,1408
5480,1409
69,1410
1890,1411
2980,1412
1721,1413
3258,1414
3875,1415
3455,1416
2587,1417
1168,1418
669,1419
3964,1420
2015,1421
4757,1422
4919,1423
726,1424
5049,1425
81,1426
5479,1427
5905,1428
5451,1429
3992,1430
3095,1431
3050,1432
1446,1433
5889,1434
2391,1435
1048,1436
4927,1437
1703,1438
5517,1439
4232,1440
4866,1441
1164,1442
3467,1443
263,1444
1412,1445
5291,1446
4571,1447
5356,1448
3054,1449
1707,1450
5750,1451
5387,1452
3236,1453
4258,1454
1724,1455
706,1456
4279,1457
4055,1458
2360,1459
955,1460
498,1461
4841,1462
630,1463
5522,1464
1745,1465
5470,1466
1714,1467
5530,1468
3108,1469
5493,1470
925,1471
4234,1472
5808,1473
5188,1474
5307,1475
4436,1476
3539,1477
4038,1478
2508,1479
1276,1480
1320,1481
4828,1482
5200,1483
4312,1484
1060,1485
3697,1486
3531,1487
4346,1488
2227,1489
1692,1490
6032,1491
1133,1492
5992,1493
1140,1494
1763,1495
3990,1496
5996,1497
890,1498
1251,1499
4030,1500
1786,1501
3368,1502
4521,1503
73,1504
3548,1505
2442,1506
3180,1507
3486,1508
3688,1509
4916,1510
2345,1511
2197,1512
1141,1513
939,1514
3696,1515
4937,1516
3377,1517
4805,1518
2091,1519
5004,1520
4722,1521
4034,1522
4529,1523
3646,1524
2969,1525
3072,1526
3037,1527
5562,1528
2859,1529
3240,1530
1081,1531
2398,1532
5335,1533
351,1534
3806,1535
3667,1536
566,1537
684,1538
3727,1539
4812,1540
3281,1541
1443,1542
3754,1543
1017,1544
3819,1545
3070,1546
1579,1547
998,1548
4794,1549
490,1550
5261,1551
50,1552
3023,1553
4006,1554
4212,1555
1948,1556
1796,1557
2221,1558
1868,1559
5751,1560
3686,1561
3571,1562
2387,1563
3702,1564
1481,1565
5555,1566
2942,1567
5313,1568
1683,1569
4931,1570
2285,1571
477,1572
3746,1573
5633,1574
5299,1575
951,1576
4768,1577
3085,1578
849,1579
3922,1580
3791,1581
5139,1582
3536,1583
3755,1584
1573,1585
1341,1586
5933,1587
1457,1588
5197,1589
3446,1590
2022,1591
3415,1592
2930,1593
807,1594
4431,1595
5136,1596
202,1597
1121,1598
3472,1599
528,1600
932,1601
3177,1602
2551,1603
565,1604
3721,1605
3574,1606
5108,1607
4656,1608
1675,1609
4530,1610
3267,1611
1662,1612
2612,1613
5729,1614
2308,1615
1003,1616
2049,1617
5204,1618
912,1619
232,1620
1945,1621
2469,1622
1468,1623
134,1624
1103,1625
448,1626
1327,1627
2896,1628
5782,1629
2878,1630
5054,1631
3530,1632
4569,1633
2864,1634
4296,1635
5274,1636
548,1637
5060,1638
5070,1639
5801,1640
4987,1641
194,1642
2825,1643
2798,1644
4857,1645
4776,1646
5935,1647
3742,1648
1562,1649
4477,1650
283,1651
4068,1652
4241,1653
1135,1654
187,1655
5287,1656
3638,1657
621,1658
945,1659
2404,1660
2613,1661
1748,1662
433,1663
686,1664
2179,1665
150,1666
22,1667
4595,1668
2716,1669
107,1670
2921,1671
5985,1672
657,1673
1711,1674
4112,1675
2918,1676
116,1677
307,1678
4921,1679
3736,1680
4516,1681
1924,1682
1677,1683
122,1684
320,1685
5912,1686
2647,1687
6013,1688
1496,1689
1534,1690
3088,1691
2755,1692
990,1693
5504,1694
5630,1695
3710,1696
2524,1697
3804,1698
1379,1699
2226,1700
4366,1701
2196,1702
5887,1703
3664,1704
1456,1705
5791,1706
4343,1707
4913,1708
3395,1709
214,1710
2957,1711
2947,1712
3878,1713
3545,1714
1304,1715
450,1716
2562,1717
777,1718
5075,1719
1123,1720
1850,1721
5800,1722
5847,1723
5836,1724
2992,1725
3919,1726
2723,1727
4275,1728
879,1729
1522,1730
4388,1731
2991,1732
5157,1733
1517,1734
1006,1735
3741,1736
2354,1737
262,1738
1603,1739
2274,1740
1401,1741
2299,1742
4381,1743
1422,1744
3138,1745
810,1746
5169,1747
5718,1748
5788,1749
3615,1750
1971,1751
5151,1752
3512,1753
5709,1754
1981,1755
2530,1756
2246,1757
1129,1758
1004,1759
1774,1760
702,1761
3062,1762
2342,1763
382,1764
4527,1765
4585,1766
834,1767
3900,1768
3812,1769
2888,1770
1407,1771
4724,1772
5093,1773
4825,1774
457,1775
266,1776
4544,1777
3886,1778
2324,1779
3734,1780
4353,1781
120,1782
5771,1783
1307,1784
4033,1785
2955,1786
4992,1787
5943,1788
52,1789
95,1790
4690,1791
3484,1792
5128,1793
3999,1794
950,1795
2711,1796
265,1797
1910,1798
432,1799
2702,1800
5652,1801
4885,1802
5405,1803
4844,1804
681,1805
3828,1806
2579,1807
1827,1808
545,1809
5266,1810
2532,1811
2413,1812
3285,1813
46,1814
5826,1815
397,1816
5864,1817
838,1818
2323,1819
970,1820
5526,1821
5552,1822
36,1823
5437,1824
5244,1825
5263,1826
2807,1827
5305,1828
3471,1829
5469,1830
2498,1831
1248,1832
2368,1833
3760,1834
5282,1835
600,1836
5932,1837
443,1838
3348,1839
3429,1840
594,1841
3894,1842
5101,1843
279,1844
3834,1845
5264,1846
1931,1847
3017,1848
534,1849
5148,1850
144,1851
4075,1852
2171,1853
5270,1854
4658,1855
5909,1856
3988,1857
3801,1858
5954,1859
249,1860
1009,1861
866,1862
1450,1863
2260,1864
2411,1865
3968,1866
4745,1867
5058,1868
1900,1869
2352,1870
3937,1871
5038,1872
2923,1873
1049,1874
2125,1875
4252,1876
285,1877
2734,1878
3094,1879
4064,1880
271,1881
1221,1882
1190,1883
972,1884
5949,1885
709,1886
2500,1887
525,1888
3266,1889
1588,1890
4827,1891
4277,1892
1065,1893
4453,1894
111,1895
3294,1896
3025,1897
2791,1898
2987,1899
2959,1900
1846,1901
4052,1902
5489,1903
4010,1904
3447,1905
756,1906
1067,1907
1995,1908
53,1909
3605,1910
3381,1911
5444,1912
2989,1913
1574,1914
4792,1915
4782,1916
5386,1917
3420,1918
1100,1919
5945,1920
5394,1921
4513,1922
848,1923
1857,1924
3744,1925
3113,1926
2609,1927
2277,1928
1040,1929
1739,1930
3453,1931
2770,1932
4113,1933
6039,1934
4531,1935
3985,1936
4905,1937
2538,1938
3916,1939
2943,1940
3157,1941
606,1942
3141,1943
5133,1944
1311,1945
4678,1946
1063,1947
3712,1948
5277,1949
3883,1950
3552,1951
1170,1952
5320,1953
4159,1954
5597,1955
4065,1956
4186,1957
4652,1958
5258,1959
760,1960
1012,1961
1183,1962
439,1963
1417,1964
2776,1965
4403,1966
1089,1967
16,1968
4606,1969
4420,1970
2450,1971
2317,1972
1744,1973
1152,1974
19,1975
2101,1976
1361,1977
3090,1978
3653,1979
617,1980
6022,1981
5785,1982
4341,1983
1755,1984
2887,1985
5525,1986
2545,1987
1372,1988
2865,1989
4024,1990
4807,1991
3542,1992
1224,1993
2827,1994
646,1995
3239,1996
1384,1997
3031,1998
3940,1999
785,2000
259,2001
3515,2002
5338,2003
3781,2004
5048,2005
4899,2006
175,2007
141,2008
5046,2009
4152,2010
2829,2011
856,2012
4151,2013
5897,2014
4109,2015
315,2016
3264,2017
4728,2018
1146,2019
1045,2020
870,2021
4082,2022
5199,2023
1462,2024
1988,2025
2597,2026
1799,2027
4549,2028
3077,2029
3607,2030
5105,2031
5963,2032
3975,2033
4822,2034
3559,2035
399,2036
949,2037
2627,2038
5160,2039
3482,2040
5752,2041
2283,2042
1151,2043
2681,2044
5693,2045
3185,2046
2095,2047
3718,2048
5476,2049
2257,2050
2394,2051
222,2052
166,2053
4225,2054
1809,2055
503,2056
655,2057
1611,2058
1772,2059
5524,2060
436,2061
717,2062
2694,2063
4455,2064
576,2065
4642,2066
324,2067
3320,2068
5182,2069
2764,2070
5448,2071
3,2072
3948,2073
3311,2074
541,2075
708,2076
2332,2077
1026,2078
3518,2079
2041,2080
2286,2081
524,2082
783,2083
3076,2084
1380,2085
5245,2086
1761,2087
5337,2088
5557,2089
2239,2090
3537,2091
4590,2092
1492,2093
4116,2094
2436,2095
5283,2096
5001,2097
5447,2098
3898,2099
401,2100
1428,2101
4698,2102
5540,2103
1963,2104
1697,2105
5658,2106
1869,2107
3164,2108
4123,2109
2898,2110
2591,2111
4236,2112
968,2113
454,2114
1414,2115
2305,2116
4077,2117
1661,2118
1915,2119
1328,2120
2576,2121
854,2122
3502,2123
5601,2124
2403,2125
4032,2126
381,2127
636,2128
5966,2129
4035,2130
5982,2131
3274,2132
1022,2133
1525,2134
3662,2135
2060,2136
4964,2137
2124,2138
4849,2139
5871,2140
4012,2141
4092,2142
2775,2143
4810,2144
2858,2145
97,2146
5531,2147
1160,2148
577,2149
4074,2150
695,2151
2278,2152
291,2153
3331,2154
4025,2155
168,2156
5166,2157
2526,2158
4939,2159
3971,2160
5822,2161
1624,2162
988,2163
3187,2164
4471,2165
1956,2166
3636,2167
1287,2168
3582,2169
4430,2170
1378,2171
5539,2172
2109,2173
1249,2174
671,2175
1993,2176
5465,2177
2566,2178
1738,2179
2768,2180
5689,2181
5082,2182
4908,2183
3018,2184
2432,2185
948,2186
5680,2187
5685,2188
1213,2189
295,2190
4056,2191
5713,2192
1834,2193
5783,2194
5780,2195
2493,2196
2596,2197
362,2198
1972,2199
4704,2200
3630,2201
2157,2202
2658,2203
5547,2204
3602,2205
5950,2206
4201,2207
3102,2208
3852,2209
5163,2210
274,2211
4237,2212
5406,2213
2384,2214
2182,2215
5284,2216
3438,2217
4163,2218
2146,2219
67,2220
1607,2221
996,2222
739,2223
685,2224
133,2225
2875,2226
4784,2227
641,2228
3920,2229
3762,2230
4061,2231
127,2232
4332,2233
1007,2234
5346,2235
3612,2236
250,2237
1616,2238
923,2239
4645,2240
5755,2241
4183,2242
711,2243
2377,2244
4815,2245
1558,2246
752,2247
4924,2248
2212,2249
2853,2250
5574,2251
5898,2252
2890,2253
2435,2254
2380,2255
4226,2256
4559,2257
2367,2258
3332,2259
3861,2260
2247,2261
1074,2262
3469,2263
3719,2264
561,2265
5391,2266
2840,2267
198,2268
3252,2269
2430,2270
899,2271
5774,2272
2385,2273
4380,2274
896,2275
3890,2276
2936,2277
2786,2278
3529,2279
5850,2280
3620,2281
4377,2282
4836,2283
6000,2284
1775,2285
3679,2286
2084,2287
5253,2288
1435,2289
5065,2290
2868,2291
4788,2292
5331,2293
4395,2294
3383,2295
2784,2296
1805,2297
4953,2298
2892,2299
4441,2300
5700,2301
5121,2302
3934,2303
3408,2304
30,2305
5716,2306
2527,2307
1447,2308
1974,2309
3770,2310
4801,2311
4930,2312
3592,2313
3016,2314
3670,2315
1099,2316
815,2317
4533,2318
2010,2319
2481,2320
2797,2321
3366,2322
1913,2323
323,2324
4694,2325
4248,2326
3674,2327
2491,2328
3911,2329
4340,2330
297,2331
2487,2332
5068,2333
2069,2334
3643,2335
3360,2336
418,2337
2583,2338
3004,2339
2437,2340
2033,2341
3176,2342
2721,2343
2243,2344
4059,2345
2588,2346
3994,2347
4036,2348
3443,2349
2564,2350
1512,2351
3556,2352
4523,2353
2569,2354
5972,2355
698,2356
5832,2357
5506,2358
2573,2359
410,2360
6021,2361
3005,2362
4995,2363
2013,2364
3174,2365
4103,2366
3649,2367
5165,2368
2804,2369
3866,2370
5537,2371
3547,2372
2378,2373
2816,2374
5262,2375
5609,2376
3056,2377
556,2378
2085,2379
2,2380
218,2381
4648,2382
5477,2383
316,2384
5936,2385
441,2386
5044,2387
5726,2388
2261,2389
1580,2390
3425,2391
1096,2392
3325,2393
2265,2394
5023,2395
5656,2396
5514,2397
1260,2398
2837,2399
651,2400
2258,2401
1691,2402
5024,2403
4710,2404
4021,2405
2826,2406
4644,2407
1356,2408
152,2409
654,2410
1466,2411
2593,2412
2801,2413
1473,2414
3780,2415
3476,2416
1243,2417
6007,2418
4979,2419
4874,2420
1535,2421
1690,2422
1854,2423
2817,2424
4820,2425
5184,2426
2401,2427
5362,2428
4853,2429
3126,2430
4839,2431
48,2432
5013,2433
4536,2434
5113,2435
5724,2436
2390,2437
2343,2438
1504,2439
1884,2440
1762,2441
1290,2442
4494,2443
3871,2444
4542,2445
1893,2446
5959,2447
3599,2448
1340,2449
3514,2450
3818,2451
3394,2452
4950,2453
5507,2454
1962,2455
2347,2456
1445,2457
2175,2458
4104,2459
5588,2460
2423,2461
5937,2462
4329,2463
2632,2464
176,2465
3315,2466
750,2467
1386,2468
2895,2469
4579,2470
2183,2471
1369,2472
699,2473
404,2474
3897,2475
2993,2476
6025,2477
3006,2478
3944,2479
293,2480
4203,2481
2680,2482
2560,2483
4290,2484
5549,2485
4282,2486
1203,2487
2641,2488
5902,2489
2925,2490
3231,2491
4765,2492
1519,2493
803,2494
5358,2495
5725,2496
914,2497
1639,2498
130,2499
969,2500
1364,2501
4577,2502
1330,2503
2419,2504
5218,2505
2273,2506
5947,2507
5979,2508
5243,2509
4264,2510
3038,2511
2344,2512
2602,2513
186,2514
2005,2515
4031,2516
1128,2517
2534,2518
231,2519
857,2520
3655,2521
4019,2522
1673,2523
2272,2524
390,2525
4302,2526
2790,2527
135,2528
322,2529
4592,2530
4934,2531
434,2532
2136,2533
5135,2534
1181,2535
5731,2536
5773,2537
56,2538
1797,2539
1294,2540
2314,2541
2128,2542
42,2543
2510,2544
3893,2545
383,2546
5602,2547
5623,2548
1132,2549
3993,2550
1669,2551
583,2552
2586,2553
3485,2554
5509,2555
2080,2556
3880,2557
3344,2558
2166,2559
4852,2560
626,2561
5275,2562
2252,2563
3831,2564
4602,2565
3323,2566
2834,2567
4898,2568
2464,2569
2463,2570
106,2571
1030,2572
5684,2573
4869,2574
1784,2575
5155,2576
1647,2577
5074,2578
2525,2579
520,2580
5919,2581
3991,2582
4711,2583
840,2584
3782,2585
2944,2586
5865,2587
389,2588
1816,2589
519,2590
4721,2591
5896,2592
801,2593
2119,2594
3127,2595
3308,2596
4917,2597
5140,2598
3158,2599
4503,2600
5528,2601
5533,2602
3891,2603
3201,2604
3290,2605
5402,2606
1999,2607
1756,2608
4047,2609
3112,2610
1252,2611
3248,2612
5420,2613
842,2614
3339,2615
5317,2616
3189,2617
1091,2618
2371,2619
1806,2620
2673,2621
2130,2622
5301,2623
3778,2624
2111,2625
1166,2626
5901,2627
4120,2628
5629,2629
918,2630
3622,2631
1672,2632
2661,2633
1050,2634
597,2635
1246,2636
2169,2637
589,2638
586,2639
5473,2640
1088,2641
5940,2642
2176,2643
2028,2644
1842,2645
310,2646
4628,2647
5415,2648
823,2649
132,2650
5927,2651
1373,2652
5741,2653
3624,2654
3675,2655
4882,2656
5545,2657
2633,2658
4271,2659
1620,2660
4179,2661
4360,2662
2877,2663
3761,2664
3976,2665
5986,2666
888,2667
165,2668
1545,2669
4920,2670
4591,2671
1918,2672
4027,2673
3406,2674
1270,2675
3808,2676
4429,2677
518,2678
5872,2679
4374,2680
1390,2681
5273,2682
2471,2683
5443,2684
2412,2685
4066,2686
5203,2687
5478,2688
3107,2689
2964,2690
1159,2691
4662,2692
3307,2693
3147,2694
537,2695
2284,2696
2619,2697
3116,2698
89,2699
1075,2700
1240,2701
3553,2702
303,2703
4624,2704
1329,2705
1508,2706
27,2707
5960,2708
5789,2709
5484,2710
4333,2711
991,2712
4260,2713
3578,2714
5952,2715
4833,2716
4045,2717
1223,2718
4856,2719
3961,2720
5543,2721
3491,2722
5005,2723
2782,2724
2502,2725
1532,2726
5876,2727
2884,2728
4233,2729
662,2730
5650,2731
1650,2732
3966,2733
479,2734
5892,2735
317,2736
4135,2737
1789,2738
242,2739
2882,2740
4519,2741
5481,2742
110,2743
1554,2744
5842,2745
3551,2746
4067,2747
5816,2748
5757,2749
4999,2750
5499,2751
811,2752
5803,2753
5988,2754
2198,2755
4890,2756
2026,2757
4153,2758
2223,2759
3810,2760
328,2761
5382,2762
2190,2763
2946,2764
981,2765
199,2766
5168,2767
1073,2768
659,2769
5844,2770
2043,2771
687,2772
2624,2773
1127,2774
2292,2775
1295,2776
5435,2777
3980,2778
3756,2779
2927,2780
1638,2781
2595,2782
2329,2783
2852,2784
1394,2785
3086,2786
2428,2787
2484,2788
1897,2789
1814,2790
3273,2791
4289,2792
4659,2793
689,2794
5711,2795
782,2796
4798,2797
5994,2798
693,2799
1771,2800
4876,2801
4973,2802
4117,2803
1944,2804
109,2805
2276,2806
3983,2807
1230,2808
1322,2809
2267,2810
28,2811
5466,2812
3877,2813
3932,2814
1031,2815
2366,2816
2724,2817
2821,2818
2848,2819
5460,2820
2328,2821
5269,2822
5359,2823
2396,2824
1860,2825
2077,2826
1922,2827
4362,2828
4647,2829
4773,2830
3917,2831
1557,2832
5618,2833
5841,2834
1992,2835
5482,2836
1134,2837
2334,2838
3614,2839
5572,2840
3218,2841
4842,2842
1495,2843
3847,2844
3144,2845
3477,2846
5513,2847
2123,2848
5542,2849
926,2850
124,2851
653,2852
335,2853
26,2854
3114,2855
1887,2856
3921,2857
3474,2858
4242,2859
634,2860
1154,2861
2847,2862
4763,2863
1952,2864
4167,2865
4560,2866
1197,2867
759,2868
1198,2869
5635,2870
4735,2871
1400,2872
2909,2873
3908,2874
2687,2875
3124,2876
4783,2877
3024,2878
321,2879
140,2880
4705,2881
437,2882
2470,2883
4392,2884
2706,2885
3401,2886
4433,2887
14,2888
522,2889
530,2890
2327,2891
3159,2892
4273,2893
333,2894
117,2895
1709,2896
1606,2897
839,2898
5237,2899
4171,2900
1347,2901
149,2902
1975,2903
3858,2904
652,2905
5278,2906
474,2907
5414,2908
3677,2909
4880,2910
4813,2911
5142,2912
5109,2913
4184,2914
272,2915
5869,2916
4681,2917
4601,2918
2968,2919
4526,2920
1288,2921
2499,2922
1716,2923
1565,2924
2625,2925
4518,2926
3222,2927
5765,2928
4423,2929
3480,2930
4215,2931
1867,2932
931,2933
865,2934
4847,2935
4804,2936
5073,2937
1920,2938
6011,2939
1216,2940
4831,2941
2644,2942
4177,2943
3369,2944
5587,2945
2637,2946
2730,2947
2997,2948
494,2949
4627,2950
2686,2951
5636,2952
3272,2953
5325,2954
3884,2955
1480,2956
169,2957
5890,2958
805,2959
3874,2960
5097,2961
4719,2962
2424,2963
1314,2964
722,2965
238,2966
468,2967
3826,2968
2933,2969
359,2970
1302,2971
1381,2972
2552,2973
2928,2974
3882,2975
4018,2976
2953,2977
2475,2978
3123,2979
192,2980
3288,2981
3846,2982
4675,2983
4751,2984
5518,2985
3243,2986
2742,2987
2298,2988
4562,2989
4384,2990
2474,2991
1238,2992
1225,2993
3576,2994
2133,2995
5576,2996
5622,2997
1847,2998
3385,2999
2473,3000
611,3001
3945,3002
4041,3003
2087,3004
364,3005
2195,3006
4514,3007
2812,3008
1849,3009
1593,3010
716,3011
3656,3012
5617,3013
4832,3014
4889,3015
246,3016
3109,3017
1440,3018
4144,3019
4680,3020
4053,3021
3522,3022
2383,3023
4272,3024
4971,3025
1902,3026
3271,3027
4495,3028
3203,3029
2228,3030
4769,3031
5129,3032
3927,3033
4654,3034
3211,3035
2151,3036
1472,3037
466,3038
4231,3039
3171,3040
4150,3041
1899,3042
1670,3043
82,3044
841,3045
1722,3046
5303,3047
614,3048
5682,3049
4197,3050
5357,3051
1286,3052
2214,3053
161,3054
3523,3055
137,3056
3862,3057
1016,3058
1265,3059
4261,3060
962,3061
5349,3062
5017,3063
1896,3064
3423,3065
273,3066
21,3067
3588,3068
4096,3069
329,3070
5824,3071
4098,3072
374,3073
213,3074
1528,3075
3648,3076
1968,3077
5605,3078
2449,3079
4154,3080
4870,3081
4701,3082
4141,3083
4178,3084
1502,3085
2605,3086
2184,3087
1239,3088
4482,3089
1062,3090
5455,3091
664,3092
5859,3093
2089,3094
1469,3095
5551,3096
40,3097
4968,3098
449,3099
2793,3100
1950,3101
5316,3102
1489,3103
1126,3104
616,3105
3341,3106
1832,3107
5554,3108
910,3109
3450,3110
2808,3111
3508,3112
5381,3113
349,3114
2417,3115
3483,3116
2058,3117
1227,3118
1157,3119
4808,3120
5647,3121
2940,3122
3235,3123
280,3124
5214,3125
5688,3126
835,3127
1051,3128
4826,3129
1263,3130
254,3131
1503,3132
1833,3133
4687,3134
496,3135
3022,3136
1663,3137
2876,3138
2207,3139
2860,3140
3179,3141
4750,3142
3372,3143
2984,3144
5818,3145
3220,3146
2230,3147
2731,3148
4007,3149
4359,3150
185,3151
3603,3152
3479,3153
298,3154
4956,3155
2421,3156
5866,3157
225,3158
1195,3159
3665,3160
3456,3161
4912,3162
3461,3163
1898,3164
1566,3165
3078,3166
5233,3167
125,3168
1351,3169
1405,3170
5425,3171
1743,3172
216,3173
2337,3174
4218,3175
3449,3176
2601,3177
417,3178
5580,3179
5748,3180
99,3181
1590,3182
113,3183
4155,3184
3270,3185
5817,3186
3733,3187
2871,3188
2655,3189
38,3190
793,3191
2256,3192
2143,3193
5761,3194
5213,3195
2024,3196
4214,3197
4048,3198
558,3199
4256,3200
3434,3201
3554,3202
4500,3203
5766,3204
5993,3205
5497,3206
5676,3207
1326,3208
3154,3209
1533,3210
4318,3211
5845,3212
5242,3213
2459,3214
2700,3215
2528,3216
5930,3217
4417,3218
5178,3219
4469,3220
5692,3221
3194,3222
5375,3223
4389,3224
797,3225
3723,3226
5532,3227
3749,3228
3030,3229
3186,3230
1520,3231
3048,3232
4910,3233
5131,3234
5457,3235
3513,3236
523,3237
1192,3238
68,3239
4370,3240
1631,3241
1815,3242
5815,3243
3617,3244
4714,3245
2663,3246
1409,3247
5962,3248
5426,3249
1965,3250
3629,3251
2248,3252
287,3253
4594,3254
3611,3255
4996,3256
1061,3257
3765,3258
564,3259
2623,3260
4480,3261
4190,3262
260,3263
1513,3264
5604,3265
340,3266
3668,3267
845,3268
1735,3269
4525,3270
5461,3271
3302,3272
3699,3273
2340,3274
4668,3275
5598,3276
4599,3277
3692,3278
2088,3279
4182,3280
2787,3281
4348,3282
2985,3283
1333,3284
1300,3285
5829,3286
5373,3287
3974,3288
806,3289
2388,3290
5879,3291
4641,3292
5575,3293
1653,3294
3832,3295
3577,3296
154,3297
4700,3298
1966,3299
3131,3300
4829,3301
4221,3302
3903,3303
5247,3304
2912,3305
174,3306
2814,3307
4125,3308
4105,3309
5915,3310
1627,3311
1035,3312
3700,3313
3392,3314
5439,3315
451,3316
5396,3317
1233,3318
502,3319
5084,3320
4697,3321
1553,3322
792,3323
3568,3324
5040,3325
3430,3326
3096,3327
1018,3328
1387,3329
1454,3330
6024,3331
5453,3332
4219,3333
3957,3334
1635,3335
3190,3336
2695,3337
1119,3338
5583,3339
3279,3340
1497,3341
746,3342
5015,3343
5158,3344
1416,3345
874,3346
2011,3347
4210,3348
4509,3349
3768,3350
4615,3351
3399,3352
5067,3353
1757,3354
4026,3355
1629,3356
3958,3357
1332,3358
3682,3359
4504,3360
245,3361
730,3362
2236,3363
4955,3364
4988,3365
1810,3366
15,3367
1434,3368
5501,3369
415,3370
1853,3371
2866,3372
493,3373
916,3374
4227,3375
4412,3376
2129,3377
2457,3378
3436,3379
1459,3380
3458,3381
2543,3382
2439,3383
2714,3384
2697,3385
3059,3386
2521,3387
5821,3388
2238,3389
2660,3390
2105,3391
3606,3392
3645,3393
1413,3394
3707,3395
977,3396
2772,3397
504,3398
2578,3399
373,3400
6020,3401
2941,3402
1701,3403
2705,3404
3497,3405
2434,3406
1715,3407
3830,3408
252,3409
5767,3410
1125,3411
2350,3412
1681,3413
4732,3414
3703,3415
4598,3416
4861,3417
4397,3418
837,3419
4195,3420
1385,3421
4467,3422
2635,3423
3621,3424
3128,3425
2839,3426
3790,3427
2291,3428
4474,3429
393,3430
2361,3431
3647,3432
5591,3433
1244,3434
3040,3435
361,3436
2693,3437
2007,3438
2268,3439
2738,3440
658,3441
5640,3442
563,3443
5881,3444
2978,3445
5980,3446
1840,3447
3221,3448
5488,3449
820,3450
4692,3451
2315,3452
1348,3453
487,3454
5206,3455
4977,3456
5740,3457
5541,3458
2365,3459
5867,3460
2406,3461
1788,3462
3291,3463
4316,3464
2485,3465
741,3466
4286,3467
5758,3468
452,3469
4145,3470
1187,3471
5418,3472
1895,3473
824,3474
5969,3475
2703,3476
4685,3477
2960,3478
2211,3479
5837,3480
3001,3481
1521,3482
3926,3483
1985,3484
5217,3485
770,3486
1098,3487
1776,3488
965,3489
5390,3490
5408,3491
2762,3492
5581,3493
4597,3494
5608,3495
3386,3496
1844,3497
2761,3498
5882,3499
1955,3500
3634,3501
4609,3502
2539,3503
2757,3504
4079,3505
256,3506
4506,3507
2048,3508
1436,3509
2523,3510
3525,3511
796,3512
773,3513
1596,3514
6035,3515
742,3516
3904,3517
1807,3518
5938,3519
4485,3520
1142,3521
5431,3522
1943,3523
1344,3524
3122,3525
533,3526
2789,3527
3045,3528
4556,3529
1953,3530
5686,3531
1560,3532
4148,3533
868,3534
2370,3535
100,3536
1101,3537
650,3538
4957,3539
4411,3540
5088,3541
552,3542
2019,3543
3689,3544
5784,3545
1432,3546
3546,3547
4009,3548
3899,3549
499,3550
1961,3551
3764,3552
1343,3553
2093,3554
5868,3555
1411,3556
751,3557
4208,3558
4795,3559
4942,3560
4173,3561
1262,3562
193,3563
2979,3564
3230,3565
4892,3566
422,3567
5055,3568
642,3569
2863,3570
5385,3571
2653,3572
3046,3573
469,3574
1547,3575
31,3576
5861,3577
1817,3578
1082,3579
180,3580
6023,3581
45,3582
2835,3583
5423,3584
4639,3585
2845,3586
934,3587
5467,3588
4944,3589
821,3590
2708,3591
2117,3592
1458,3593
155,3594
2670,3595
5400,3596
895,3597
643,3598
1877,3599
2512,3600
5582,3601
1028,3602
4446,3603
196,3604
3751,3605
2733,3606
4881,3607
4498,3608
5880,3609
1175,3610
4161,3611
4565,3612
1138,3613
4283,3614
2448,3615
1581,3616
1621,3617
370,3618
3526,3619
1529,3620
2996,3621
3191,3622
3256,3623
5561,3624
1107,3625
5675,3626
5599,3627
5077,3628
2872,3629
4196,3630
1516,3631
4914,3632
5838,3633
780,3634
6010,3635
992,3636
2120,3637
2763,3638
461,3639
4057,3640
598,3641
5702,3642
1977,3643
1463,3644
1750,3645
4399,3646
1667,3647
2725,3648
5797,3649
3651,3650
2191,3651
700,3652
3121,3653
5893,3654
306,3655
1176,3656
1354,3657
4185,3658
4673,3659
911,3660
2800,3661
2885,3662
5563,3663
3099,3664
4733,3665
5573,3666
2737,3667
2330,3668
3860,3669
5626,3670
2070,3671
2488,3672
887,3673
2893,3674
2159,3675
5855,3676
5669,3677
3071,3678
2639,3679
128,3680
909,3681
2630,3682
3237,3683
5505,3684
3168,3685
4984,3686
2495,3687
5621,3688
4324,3689
4740,3690
2426,3691
1292,3692
3304,3693
354,3694
6034,3695
4303,3696
5051,3697
2297,3698
5398,3699
4551,3700
989,3701
2831,3702
3214,3703
907,3704
927,3705
4661,3706
2715,3707
1699,3708
4410,3709
1429,3710
2794,3711
3118,3712
4107,3713
3376,3714
3445,3715
286,3716
3470,3717
2063,3718
714,3719
4114,3720
5663,3721
3254,3722
906,3723
5404,3724
1064,3725
3687,3726
2688,3727
4054,3728
5934,3729
691,3730
5389,3731
1102,3732
4540,3733
3572,3734
5364,3735
673,3736
2012,3737
1008,3738
961,3739
5754,3740
4172,3741
5670,3742
5953,3743
1563,3744
1020,3745
139,3746
5634,3747
4785,3748
3238,3749
4730,3750
2917,3751
3092,3752
1025,3753
2501,3754
5625,3755
3490,3756
1264,3757
3300,3758
2973,3759
4715,3760
2554,3761
863,3762
3869,3763
2422,3764
4915,3765
77,3766
2652,3767
4502,3768
1687,3769
4146,3770
929,3771
5215,3772
5486,3773
2571,3774
5568,3775
763,3776
2726,3777
511,3778
1245,3779
3713,3780
5567,3781
1766,3782
2598,3783
5156,3784
2351,3785
1917,3786
4994,3787
6006,3788
4499,3789
5854,3790
5072,3791
1318,3792
221,3793
4596,3794
5981,3795
609,3796
997,3797
70,3798
4991,3799
4752,3800
3930,3801
5314,3802
2147,3803
2938,3804
3650,3805
2568,3806
3924,3807
884,3808
126,3809
121,3810
501,3811
4949,3812
4321,3813
3652,3814
1169,3815
4778,3816
3596,3817
1345,3818
431,3819
3533,3820
2906,3821
718,3822
3870,3823
147,3824
76,3825
2073,3826
2303,3827
3410,3828
4887,3829
5189,3830
1598,3831
5306,3832
733,3833
395,3834
5851,3835
3863,3836
4824,3837
5180,3838
4317,3839
697,3840
862,3841
2712,3842
555,3843
3195,3844
3100,3845
2316,3846
3786,3847
2489,3848
3478,3849
211,3850
4883,3851
4623,3852
2771,3853
4133,3854
737,3855
3589,3856
5849,3857
3015,3858
2857,3859
2575,3860
114,3861
49,3862
5392,3863
294,3864
3153,3865
4643,3866
3293,3867
1161,3868
1734,3869
5086,3870
1843,3871
3268,3872
1299,3873
90,3874
467,3875
5312,3876
5642,3877
5611,3878
4686,3879
2254,3880
3150,3881
5701,3882
5267,3883
2494,3884
2948,3885
4294,3886
1934,3887
1499,3888
5354,3889
344,3890
160,3891
1903,3892
104,3893
5124,3894
87,3895
2215,3896
5456,3897
5742,3898
2031,3899
3698,3900
1077,3901
5030,3902
4670,3903
47,3904
4790,3905
882,3906
5223,3907
6005,3908
585,3909
1241,3910
3310,3911
772,3912
4426,3913
2774,3914
1059,3915
5607,3916
429,3917
2445,3918
527,3919
5419,3920
4137,3921
1338,3922
4295,3923
2584,3924
4070,3925
5970,3926
891,3927
2881,3928
3407,3929
2325,3930
5260,3931
4669,3932
635,3933
3192,3934
4439,3935
4299,3936
872,3937
5000,3938
1982,3939
5125,3940
4367,3941
102,3942
1335,3943
3391,3944
3954,3945
3388,3946
5649,3947
3424,3948
1602,3949
2433,3950
784,3951
5852,3952
560,3953
2729,3954
3714,3955
1878,3956
5956,3957
3873,3958
2072,3959
2030,3960
1110,3961
5812,3962
5106,3963
3135,3964
1486,3965
3117,3966
667,3967
2393,3968
5511,3969
2339,3970
2828,3971
2855,3972
1614,3973
5006,3974
2224,3975
309,3976
957,3977
1575,3978
4,3979
755,3980
4537,3981
5778,3982
3923,3983
5722,3984
570,3985
3493,3986
1222,3987
1046,3988
3591,3989
4679,3990
5179,3991
5743,3992
4699,3993
3020,3994
3343,3995
5870,3996
1605,3997
470,3998
4655,3999
3346,4000
538,4001
446,4002
3462,4003
1346,4004
1951,4005
1498,4006
2066,4007
1855,4008
3608,4009
5592,4010
3579,4011
1905,4012
1204,4013
5463,4014
3427,4015
2649,4016
5863,4017
5286,4018
4375,4019
973,4020
330,4021
1926,4022
3136,4023
1209,4024
4725,4025
5397,4026
2862,4027
873,4028
4578,4029
3146,4030
4737,4031
2861,4032
4040,4033
2760,4034
778,4035
4379,4036
2479,4037
483,4038
3249,4039
4543,4040
182,4041
4517,4042
2668,4043
430,4044
2456,4045
1666,4046
781,4047
1610,4048
2486,4049
789,4050
4622,4051
2594,4052
2820,4053
3609,4054
4684,4055
1404,4056
4816,4057
5035,4058
3225,4059
2102,4060
5057,4061
761,4062
727,4063
142,4064
5578,4065
2664,4066
529,4067
2553,4068
2558,4069
2634,4070
4443,4071
119,4072
4313,4073
5014,4074
1986,4075
3564,4076
5548,4077
2699,4078
549,4079
4754,4080
5376,4081
5225,4082
4000,4083
2557,4084
74,4085
983,4086
2692,4087
312,4088
4390,4089
4356,4090
4371,4091
5571,4092
1113,4093
4230,4094
5519,4095
5674,4096
1696,4097
5177,4098
2929,4099
5857,4100
5368,4101
4223,4102
3978,4103
5433,4104
396,4105
4301,4106
5995,4107
5660,4108
5955,4109
3183,4110
6031,4111
3947,4112
3928,4113
75,4114
5363,4115
3451,4116
4327,4117
3494,4118
4756,4119
1408,4120
994,4121
4911,4122
774,4123
1010,4124
2279,4125
4584,4126
5600,4127
871,4128
2145,4129
5454,4130
851,4131
4567,4132
1507,4133
23,4134
1021,4135
2780,4136
3909,4137
4270,4138
2375,4139
3779,4140
3093,4141
1455,4142
1,4143
1104,4144
1058,4145
1967,4146
3691,4147
619,4148
3305,4149
2200,4150
5154,4151
1211,4152
1720,4153
985,4154
1425,4155
346,4156
5564,4157
2580,4158
3444,4159
1070,4160
1451,4161
1398,4162
3358,4163
472,4164
2796,4165
5763,4166
3309,4167
1493,4168
3939,4169
3528,4170
3464,4171
2854,4172
5807,4173
5715,4174
5059,4175
5976,4176
1591,4177
210,4178
4717,4179
2451,4180
5099,4181
1079,4182
4091,4183
3881,4184
4354,4185
145,4186
356,4187
3783,4188
4886,4189
692,4190
5719,4191
255,4192
2441,4193
337,4194
902,4195
3129,4196
1907,4197
2194,4198
4131,4199
2701,4200
1229,4201
4702,4202
2616,4203
2935,4204
748,4205
3324,4206
3091,4207
3275,4208
2444,4209
4093,4210
1256,4211
5442,4212
3349,4213
3896,4214
1392,4215
2222,4216
24,4217
843,4218
3803,4219
18,4220
388,4221
3792,4222
4843,4223
3167,4224
1362,4225
1841,4226
6018,4227
220,4228
1349,4229
3197,4230
3475,4231
3104,4232
3053,4233
4325,4234
1742,4235
1419,4236
5100,4237
4630,4238
4016,4239
35,4240
4486,4241
1131,4242
3694,4243
223,4244
5610,4245
2266,4246
1182,4247
930,4248
459,4249
5828,4250
3082,4251
3065,4252
5631,4253
1633,4254
5209,4255
5529,4256
3178,4257
3363,4258
5910,4259
1095,4260
4510,4261
1442,4262
4365,4263
867,4264
2425,4265
3454,4266
3631,4267
5445,4268
1208,4269
3946,4270
2976,4271
3753,4272
3083,4273
1526,4274
369,4275
2126,4276
3492,4277
5052,4278
2415,4279
4636,4280
4800,4281
2983,4282
5638,4283
189,4284
2381,4285
1162,4286
5171,4287
3730,4288
4352,4289
5654,4290
5112,4291
2053,4292
3960,4293
1767,4294
1609,4295
3925,4296
1086,4297
2767,4298
1801,4299
1582,4300
4802,4301
4761,4302
869,4303
3827,4304
3850,4305
956,4306
380,4307
5637,4308
4613,4309
3337,4310
1259,4311
1201,4312
2990,4313
885,4314
1973,4315
3905,4316
2740,4317
4094,4318
4129,4319
712,4320
1024,4321
3600,4322
1781,4323
1656,4324
2823,4325
3139,4326
4981,4327
2617,4328
29,4329
212,4330
1487,4331
2509,4332
3246,4333
2809,4334
6017,4335
786,4336
236,4337
1947,4338
1576,4339
20,4340
3690,4341
4265,4342
2192,4343
3913,4344
80,4345
2902,4346
4561,4347
5222,4348
5714,4349
3068,4350
5492,4351
4089,4352
1680,4353
3354,4354
3941,4355
5762,4356
1108,4357
4553,4358
3501,4359
2326,4360
1043,4361
5050,4362
5271,4363
4574,4364
2092,4365
1800,4366
2886,4367
1599,4368
5833,4369
1479,4370
5614,4371
4712,4372
1679,4373
2209,4374
1729,4375
1941,4376
2931,4377
4966,4378
4614,4379
5328,4380
4671,4381
5450,4382
3202,4383
379,4384
3738,4385
2140,4386
1396,4387
3069,4388
3184,4389
4213,4390
2995,4391
6033,4392
644,4393
705,4394
4625,4395
3352,4396
5330,4397
933,4398
758,4399
5031,4400
1114,4401
1655,4402
5008,4403
817,4404
2483,4405
1643,4406
191,4407
5323,4408
5430,4409
767,4410
5804,4411
2006,4412
1874,4413
958,4414
2659,4415
1828,4416
475,4417
3495,4418
2219,4419
3825,4420
881,4421
1185,4422
587,4423
3793,4424
878,4425
5353,4426
1324,4427
853,4428
2522,4429
5080,4430
4896,4431
2312,4432
5193,4433
485,4434
5667,4435
4777,4436
2795,4437
4347,4438
4922,4439
305,4440
1284,4441
2679,4442
3250,4443
5210,4444
5333,4445
1112,4446
852,4447
5464,4448
1357,4449
355,4450
55,4451
2301,4452
290,4453
5183,4454
2349,4455
4657,4456
632,4457
4194,4458
157,4459
4489,4460
6019,4461
4806,4462
3488,4463
2722,4464
1732,4465
2478,4466
357,4467
5332,4468
5279,4469
197,4470
1319,4471
2113,4472
5856,4473
4488,4474
3181,4475
4893,4476
445,4477
5319,4478
5705,4479
4573,4480
5231,4481
3709,4482
1033,4483
2050,4484
1551,4485
3465,4486
5776,4487
360,4488
4306,4489
1712,4490
3007,4491
3837,4492
3140,4493
4376,4494
1569,4495
3219,4496
4276,4497
747,4498
2014,4499
3661,4500
3626,4501
4336,4502
4583,4503
2078,4504
3409,4505
1317,4506
463,4507
5883,4508
5516,4509
2949,4510
4903,4511
1585,4512
3292,4513
101,4514
4787,4515
1106,4516
5534,4517
4666,4518
648,4519
3859,4520
5198,4521
3767,4522
724,4523
162,4524
1395,4525
3823,4526
572,4527
1753,4528
4796,4529
1804,4530
615,4531
4718,4532
4160,4533
2690,4534
3967,4535
4437,4536
5706,4537
1072,4538
5216,4539
940,4540
5814,4541
2231,4542
5569,4543
5042,4544
2280,4545
5510,4546
4487,4547
4563,4548
2027,4549
419,4550
5886,4551
1700,4552
4118,4553
4028,4554
3557,4555
5810,4556
3404,4557
3355,4558
3853,4559
3507,4560
1274,4561
5192,4562
3943,4563
2059,4564
2068,4565
3227,4566
1055,4567
3080,4568
3047,4569
2517,4570
5848,4571
924,4572
4288,4573
1886,4574
3463,4575
5585,4576
3440,4577
3986,4578
3111,4579
3995,4580
458,4581
85,4582
403,4583
1783,4584
5690,4585
2891,4586
2220,4587
4086,4588
3296,4589
1234,4590
4309,4591
1150,4592
1825,4593
1912,4594
516,4595
980,4596
4677,4597
995,4598
4505,4599
3039,4600
3442,4601
4051,4602
799,4603
4361,4604
4080,4605
5202,4606
4708,4607
738,4608
3165,4609
3959,4610
3766,4611
1325,4612
2319,4613
3276,4614
118,4615
4427,4616
4442,4617
5698,4618
3041,4619
1156,4620
3265,4621
3148,4622
4251,4623
4424,4624
5570,4625
2810,4626
1578,4627
1167,4628
2164,4629
1163,4630
638,4631
4897,4632
3952,4633
677,4634
1863,4635
1109,4636
1283,4637
2497,4638
2104,4639
5918,4640
3814,4641
3448,4642
1802,4643
230,4644
3207,4645
2008,4646
3538,4647
1136,4648
3188,4649
325,4650
2781,4651
4169,4652
226,4653
2373,4654
1682,4655
5118,4656
5931,4657
1377,4658
5655,4659
2440,4660
1933,4661
1705,4662
5494,4663
5246,4664
818,4665
2289,4666
484,4667
4099,4668
1172,4669
3998,4670
3212,4671
4044,4672
592,4673
4269,4674
2824,4675
5002,4676
1728,4677
5173,4678
2139,4679
4974,4680
3773,4681
5208,4682
1542,4683
3987,4684
5037,4685
3701,4686
4409,4687
5983,4688
5161,4689
5694,4690
93,4691
3558,4692
3660,4693
584,4694
83,4695
1736,4696
1879,4697
4484,4698
1871,4699
4198,4700
3729,4701
4566,4702
3500,4703
4314,4704
10,4705
2945,4706
4646,4707
3175,4708
3110,4709
203,4710
1976,4711
343,4712
1500,4713
4458,4714
670,4715
846,4716
1467,4717
2916,4718
5221,4719
1084,4720
5759,4721
4207,4722
2535,4723
2379,4724
3173,4725
4095,4726
34,4727
3055,4728
4450,4729
5428,4730
4618,4731
5421,4732
4315,4733
5546,4734
248,4735
11,4736
2400,4737
5107,4738
1478,4739
2112,4740
5345,4741
1482,4742
5681,4743
1068,4744
5081,4745
1914,4746
4278,4747
2621,4748
4088,4749
5062,4750
1704,4751
593,4752
2414,4753
2081,4754
209,4755
1570,4756
4492,4757
5228,4758
299,4759
6030,4760
1331,4761
2773,4762
3361,4763
3335,4764
5064,4765
3747,4766
1094,4767
2106,4768
3965,4769
2032,4770
4888,4771
1835,4772
1001,4773
3003,4774
3519,4775
749,4776
623,4777
4298,4778
2331,4779
146,4780
4879,4781
2137,4782
3103,4783
1258,4784
5027,4785
3962,4786
5412,4787
3586,4788
2537,4789
164,4790
4871,4791
5739,4792
54,4793
2115,4794
640,4795
2156,4796
2185,4797
427,4798
2646,4799
2972,4800
1494,4801
2974,4802
5384,4803
5644,4804
2536,4805
4581,4806
480,4807
3505,4808
384,4809
5009,4810
5007,4811
4414,4812
1929,4813
3013,4814
2766,4815
1291,4816
3829,4817
3206,4818
575,4819
491,4820
1177,4821
1615,4822
3106,4823
1305,4824
4904,4825
2849,4826
4546,4827
2103,4828
5348,4829
1375,4830
2836,4831
4349,4832
1242,4833
2064,4834
4138,4835
2574,4836
4239,4837
1651,4838
1130,4839
4037,4840
3938,4841
5061,4842
5094,4843
3585,4844
3057,4845
578,4846
5746,4847
2029,4848
855,4849
4835,4850
4285,4851
3885,4852
4355,4853
4189,4854
4491,4855
1970,4856
2346,4857
1567,4858
4925,4859
3210,4860
666,4861
318,4862
406,4863
2907,4864
2217,4865
4465,4866
976,4867
5459,4868
353,4869
3371,4870
375,4871
2843,4872
1803,4873
2233,4874
4011,4875
3573,4876
4262,4877
2561,4878
3289,4879
920,4880
4220,4881
5321,4882
5643,4883
5297,4884
1793,4885
3544,4886
2669,4887
1511,4888
1410,4889
3680,4890
5103,4891
952,4892
1389,4893
3245,4894
5134,4895
2178,4896
4990,4897
1634,4898
275,4899
4716,4900
5170,4901
1559,4902
5351,4903
2749,4904
1366,4905
2970,4906
4447,4907
131,4908
181,4909
4017,4910
703,4911
5250,4912
3758,4913
3708,4914
2672,4915
2920,4916
1406,4917
5916,4918
4023,4919
3317,4920
4830,4921
3632,4922
3566,4923
1737,4924
4170,4925
1090,4926
2447,4927
5747,4928
2161,4929
5446,4930
3312,4931
4385,4932
1120,4933
2188,4934
331,4935
986,4936
3511,4937
1144,4938
1892,4939
903,4940
2392,4941
2518,4942
2476,4943
877,4944
4164,4945
4308,4946
637,4947
6036,4948
1057,4949
2913,4950
5235,4951
5116,4952
33,4953
2813,4954
4986,4955
2967,4956
2333,4957
153,4958
2963,4959
5295,4960
1165,4961
1424,4962
4741,4963
5063,4964
2756,4965
3280,4966
3473,4967
3527,4968
5090,4969
2600,4970
2937,4971
1273,4972
4651,4973
332,4974
4267,4975
4612,4976
517,4977
999,4978
3637,4979
5123,4980
5799,4981
4217,4982
4548,4983
833,4984
342,4985
5717,4986
506,4987
5395,4988
5367,4989
5830,4990
424,4991
2585,4992
3725,4993
1885,4994
489,4995
5627,4996
4338,4997
5727,4998
3051,4999
5683,5000
5378,5001
4840,5002
571,5003
3950,5004
4789,5005
3002,5006
3160,5007
531,5008
675,5009
2717,5010
1214,5011
5536,5012
5022,5013
201,5014
5671,5015
4473,5016
3026,5017
1397,5018
505,5019
3498,5020
5942,5021
4176,5022
1179,5023
4632,5024
779,5025
3010,5026
4391,5027
562,5028
4187,5029
2657,5030
3251,5031
4753,5032
4020,5033
1773,5034
3705,5035
4326,5036
2453,5037
6037,5038
1374,5039
2628,5040
5110,5041
631,5042
808,5043
6015,5044
1996,5045
3130,5046
5290,5047
1370,5048
4631,5049
732,5050
2083,5051
4328,5052
3119,5053
5906,5054
5961,5055
5380,5056
3198,5057
2651,5058
557,5059
2779,5060
2903,5061
4383,5062
2636,5063
7,5064
2054,5065
4297,5066
3613,5067
3242,5068
1536,5069
901,5070
788,5071
1184,5072
508,5073
2889,5074
1289,5075
2282,5076
4339,5077
4799,5078
4682,5079
2460,5080
1858,5081
3503,5082
1514,5083
4250,5084
5422,5085
5371,5086
4140,5087
5087,5088
5967,5089
5653,5090
603,5091
195,5092
993,5093
1876,5094
3595,5095
3534,5096
4351,5097
1586,5098
5352,5099
1439,5100
1069,5101
514,5102
5434,5103
4461,5104
1969,5105
627,5106
1619,5107
423,5108
267,5109
4425,5110
4520,5111
4158,5112
1309,5113
234,5114
1205,5115
3433,5116
5975,5117
2429,5118
768,5119
1708,5120
4452,5121
2090,5122
5929,5123
2643,5124
5167,5125
5115,5126
915,5127
3654,5128
3822,5129
2158,5130
5508,5131
3295,5132
4126,5133
442,5134
2110,5135
1097,5136
1220,5137
39,5138
3318,5139
1491,5140
5736,5141
3042,5142
1210,5143
5104,5144
5098,5145
4947,5146
5272,5147
2245,5148
3283,5149
4229,5150
1316,5151
919,5152
1942,5153
385,5154
900,5155
2127,5156
2856,5157
2358,5158
1937,5159
1795,5160
3504,5161
633,5162
2075,5163
2039,5164
765,5165
5089,5166
5515,5167
3321,5168
5665,5169
1752,5170
2691,5171
599,5172
3034,5173
217,5174
590,5175
159,5176
2452,5177
3901,5178
5280,5179
1477,5180
4691,5181
292,5182
3263,5183
5809,5184
4570,5185
5819,5186
4558,5187
5399,5188
1235,5189
2802,5190
3678,5191
1250,5192
2531,5193
959,5194
1541,5195
3142,5196
2559,5197
5990,5198
1727,5199
2529,5200
2213,5201
2462,5202
2850,5203
1837,5204
2363,5205
2741,5206
4980,5207
3216,5208
5708,5209
5327,5210
5207,5211
1960,5212
3378,5213
1608,5214
4875,5215
3867,5216
2662,5217
2547,5218
1906,5219
5025,5220
2203,5221
1792,5222
3935,5223
2208,5224
1851,5225
1883,5226
1527,5227
4106,5228
1747,5229
4588,5230
5372,5231
736,5232
3115,5233
5441,5234
4779,5235
227,5236
4240,5237
4909,5238
3776,5239
5770,5240
4004,5241
5172,5242
3633,5243
4637,5244
72,5245
1698,5246
3836,5247
5411,5248
4457,5249
943,5250
5343,5251
1383,5252
4382,5253
3319,5254
4818,5255
4747,5256
4846,5257
601,5258
4102,5259
1637,5260
4181,5261
2897,5262
3672,5263
3560,5264
1280,5265
5028,5266
2838,5267
4664,5268
5606,5269
1186,5270
59,5271
942,5272
2100,5273
444,5274
3008,5275
4330,5276
253,5277
2356,5278
4607,5279
5615,5280
5977,5281
2806,5282
1415,5283
1476,5284
2094,5285
5769,5286
4972,5287
953,5288
4863,5289
5853,5290
602,5291
4408,5292
2869,5293
471,5294
1189,5295
3326,5296
3865,5297
219,5298
5227,5299
858,5300
2683,5301
61,5302
5823,5303
5894,5304
1137,5305
4739,5306
1247,5307
2792,5308
2603,5309
734,5310
3840,5311
1584,5312
1798,5313
1200,5314
3984,5315
2420,5316
2372,5317
4254,5318
1777,5319
2057,5320
5122,5321
4770,5322
5862,5323
3685,5324
4507,5325
2713,5326
282,5327
5730,5328
4071,5329
2074,5330
908,5331
4867,5332
5034,5333
5839,5334
5145,5335
4554,5336
4819,5337
2189,5338
4727,5339
5941,5340
3012,5341
4616,5342
5095,5343
43,5344
4522,5345
1044,5346
3541,5347
2045,5348
1583,5349
4013,5350
3172,5351
3468,5352
1367,5353
1769,5354
4593,5355
757,5356
4775,5357
3580,5358
1889,5359
1882,5360
365,5361
2676,5362
1313,5363
1780,5364
2336,5365
5704,5366
304,5367
5984,5368
2982,5369
982,5370
1277,5371
2318,5372
190,5373
3487,5374
3027,5375
4022,5376
2035,5377
5336,5378
5334,5379
2778,5380
2542,5381
5495,5382
2300,5383
288,5384
5347,5385
5946,5386
2727,5387
4620,5388
3561,5389
347,5390
639,5391
2348,5392
2504,5393
4368,5394
2079,5395
239,5396
5989,5397
1105,5398
243,5399
3286,5400
3215,5401
1641,5402
205,5403
1689,5404
2759,5405
3000,5406
2511,5407
4576,5408
1888,5409
2610,5410
5775,5411
4235,5412
3720,5413
5162,5414
5632,5415
2131,5416
946,5417
2570,5418
3618,5419
1894,5420
2202,5421
975,5422
3774,5423
1664,5424
579,5425
5229,5426
5187,5427
894,5428
5092,5429
5620,5430
2454,5431
3253,5432
3772,5433
832,5434
4029,5435
1308,5436
4774,5437
682,5438
2170,5439
138,5440
4147,5441
57,5442
5939,5443
338,5444
5078,5445
5401,5446
3073,5447
4268,5448
4468,5449
2309,5450
2141,5451
728,5452
313,5453
2262,5454
794,5455
426,5456
3844,5457
1426,5458
5117,5459
4667,5460
1839,5461
4862,5462
721,5463
938,5464
1723,5465
4894,5466
624,5467
2901,5468
37,5469
1916,5470
515,5471
5276,5472
482,5473
3387,5474
1862,5475
1023,5476
3671,5477
4462,5478
4604,5479
1678,5480
2210,5481
1267,5482
4119,5483
4400,5484
4364,5485
1207,5486
4515,5487
4933,5488
2910,5489
4334,5490
2555,5491
3616,5492
3872,5493
5111,5494
3981,5495
2638,5496
4649,5497
3075,5498
65,5499
4935,5500
1741,5501
971,5502
3247,5503
5026,5504
1399,5505
4960,5506
4629,5507
5875,5508
1423,5509
4257,5510
2966,5511
5964,5512
809,5513
3284,5514
392,5515
960,5516
1946,5517
3035,5518
4238,5519
2805,5520
2270,5521
1515,5522
2034,5523
4851,5524
1787,5525
1312,5526
2107,5527
5289,5528
3851,5529
1564,5530
544,5531
3658,5532
5409,5533
978,5534
2507,5535
3205,5536
3706,5537
4193,5538
4663,5539
829,5540
1116,5541
1726,5542
4873,5543
954,5544
4564,5545
3855,5546
1613,5547
2374,5548
3876,5549
1930,5550
2746,5551
4997,5552
745,5553
5951,5554
3594,5555
2065,5556
4575,5557
3428,5558
812,5559
1587,5560
1657,5561
3426,5562
4854,5563
1465,5564
4337,5565
4073,5566
676,5567
1118,5568
6002,5569
2728,5570
1936,5571
1524,5572
2150,5573
5138,5574
2038,5575
3972,5576
5311,5577
1632,5578
4062,5579
5831,5580
1686,5581
5641,5582
3170,5583
2310,5584
6016,5585
554,5586
2769,5587
84,5588
2788,5589
701,5590
1577,5591
3517,5592
744,5593
2201,5594
3787,5595
4872,5596
5521,5597
5300,5598
2640,5599
3673,5600
3435,5601
2994,5602
3411,5603
892,5604
2051,5605
2149,5606
622,5607
4174,5608
4767,5609
188,5610
4331,5611
5010,5612
513,5613
984,5614
3419,5615
3390,5616
2431,5617
4483,5618
1285,5619
4961,5620
4448,5621
4545,5622
1509,5623
2503,5624
2281,5625
826,5626
4580,5627
2743,5628
4323,5629
1822,5630
363,5631
1483,5632
913,5633
3193,5634
394,5635
3405,5636
656,5637
4746,5638
3601,5639
1983,5640
3789,5641
3716,5642
5802,5643
663,5644
5613,5645
3009,5646
1904,5647
6027,5648
2880,5649
5999,5650
264,5651
5474,5652
1474,5653
880,5654
2648,5655
2186,5656
5968,5657
5127,5658
376,5659
215,5660
3301,5661
4101,5662
5978,5663
917,5664
4005,5665
5544,5666
3977,5667
1873,5668
2981,5669
2645,5670
3817,5671
5699,5672
1124,5673
3313,5674
5885,5675
2550,5676
2674,5677
2678,5678
1228,5679
5066,5680
3314,5681
41,5682
645,5683
1648,5684
4511,5685
2142,5686
3120,5687
4394,5688
2932,5689
4393,5690
4803,5691
4748,5692
2025,5693
2206,5694
3333,5695
334,5696
5309,5697
4749,5698
2696,5699
1909,5700
261,5701
2135,5702
4132,5703
171,5704
2168,5705
3241,5706
5413,5707
3329,5708
947,5709
5503,5710
3915,5711
2922,5712
63,5713
3731,5714
170,5715
2290,5716
3379,5717
5241,5718
2144,5719
2402,5720
2832,5721
2311,5722
5137,5723
4063,5724
3833,5725
937,5726
1359,5727
5560,5728
3097,5729
1391,5730
5288,5731
5144,5732
1940,5733
5721,5734
5045,5735
1418,5736
86,5737
1254,5738
1694,5739
4674,5740
1957,5741
3931,5742
2629,5743
4216,5744
1231,5745
3583,5746
974,5747
488,5748
5792,5749
2472,5750
2607,5751
4083,5752
5472,5753
2099,5754
4440,5755
2582,5756
5639,5757
1978,5758
1149,5759
345,5760
486,5761
5738,5762
3555,5763
3389,5764
2023,5765
4281,5766
2040,5767
5734,5768
1760,5769
5779,5770
3066,5771
495,5772
4878,5773
1523,5774
4726,5775
3213,5776
5558,5777
3824,5778
725,5779
1617,5780
1037,5781
1437,5782
4191,5783
2407,5784
2288,5785
4014,5786
568,5787
2846,5788
4709,5789
2162,5790
5991,5791
4263,5792
5922,5793
1702,5794
3234,5795
1196,5796
883,5797
1490,5798
2293,5799
5720,5800
2114,5801
5749,5802
2563,5803
1145,5804
5239,5805
268,5806
5485,5807
5593,5808
2516,5809
3669,5810
319,5811
2397,5812
3815,5813
5586,5814
4413,5815
715,5816
4582,5817
3089,5818
4428,5819
5251,5820
1740,5821
1642,5822
4952,5823
411,5824
386,5825
2021,5826
2883,5827
3397,5828
1794,5829
5012,5830
5152,5831
1365,5832
1505,5833
2098,5834
3416,5835
5764,5836
156,5837
3979,5838
1838,5839
1984,5840
2719,5841
1011,5842
4460,5843
5987,5844
3413,5845
3432,5846
1269,5847
3049,5848
91,5849
5475,5850
2427,5851
3282,5852
240,5853
5,5854
5878,5855
4860,5856
398,5857
2249,5858
5616,5859
4402,5860
5806,5861
4049,5862
5928,5863
3914,5864
2108,5865
1027,5866
341,5867
5096,5868
5732,5869
4963,5870
3365,5871
4435,5872
5584,5873
1652,5874
3848,5875
2418,5876
4755,5877
5523,5878
3081,5879
1485,5880
1315,5881
4611,5882
5695,5883
3269,5884
1212,5885
4535,5886
3373,5887
1388,5888
704,5889
1310,5890
1958,5891
3982,5892
4421,5893
2492,5894
4369,5895
3196,5896
3849,5897
1236,5898
1939,5899
2232,5900
1991,5901
2020,5902
2698,5903
5147,5904
79,5905
5355,5906
3232,5907
6003,5908
889,5909
620,5910
1658,5911
2513,5912
1271,5913
2581,5914
582,5915
4734,5916
2567,5917
4406,5918
177,5919
4200,5920
3044,5921
1076,5922
3036,5923
5340,5924
2241,5925
935,5926
3565,5927
5143,5928
1275,5929
1811,5930
2154,5931
3562,5932
3155,5933
3074,5934
1674,5935
13,5936
1321,5937
1042,5938
2047,5939
476,5940
5292,5941
2520,5942
1997,5943
5657,5944
2055,5945
1654,5946
4050,5947
1812,5948
1640,5949
2193,5950
1630,5951
1255,5952
1303,5953
5388,5954
4557,5955
4941,5956
3800,5957
4372,5958
540,5959
5191,5960
3060,5961
4100,5962
1253,5963
1036,5964
559,5965
453,5966
421,5967
4809,5968
5589,5969
2677,5970
3642,5971
4793,5972
1083,5973
5827,5974
6014,5975
2062,5976
2954,5977
4555,5978
4142,5979
3745,5980
3260,5981
4451,5982
813,5983
4771,5984
5318,5985
4868,5986
1597,5987
3644,5988
4865,5989
3521,5990
5438,5991
1543,5992
2160,5993
5666,5994
2894,5995
3364,5996
690,5997
4205,5998
4072,5999
1717,6000
455,6001
3625,6002
5120,6003
5659,6004
5036,6005
3362,6006
3785,6007
235,6008
5424,6009
2155,6010
5298,6011
2395,6012
2599,6013
4202,6014
4478,6015
5651,6016
257,6017
5619,6018
1452,6019
2240,6020
618,6021
3199,6022
4848,6023
3330,6024
2304,6025
963,6026
2666,6027
1470,6028
5268,6029
4304,6030
4926,6031
3509,6032
2187,6033
4891,6034
5468,6035
1000,6036
3809,6037
5496,6038
4534,6039
