0,40,0
0,39,1
0,24,2
0,9,3
0,9,4
1,47,0
1,24,1
1,9,2
1,9,3
1,42,4
2,9,0
2,9,1
2,42,2
2,47,3
2,24,4
3,40,0
3,39,1
3,24,2
3,9,3
3,9,4
4,40,0
4,39,1
4,24,2
4,9,3
4,9,4
5,40,0
5,39,1
5,24,2
5,9,3
5,9,4
6,214,0
6,47,1
6,24,2
6,9,3
6,9,4
6,42,5
7,6,0
7,6,1
7,188,2
7,185,3
7,6,4
8,1695,0
8,2166,1
8,3112,2
8,8853,3
8,3556,4
9,40,0
9,39,1
9,24,2
9,9,3
9,9,4
10,47,0
10,24,1
10,9,2
10,9,3
10,42,4
11,40,0
11,39,1
11,24,2
11,9,3
11,9,4
12,47,0
12,24,1
12,9,2
12,9,3
12,42,4
13,40,0
13,39,1
13,24,2
13,9,3
13,9,4
14,40,0
14,39,1
14,24,2
14,9,3
14,9,4
15,281,0
15,319,1
15,1148,2
15,542,3
15,204,4
16,47,0
16,24,1
16,9,2
16,9,3
16,42,4
17,47,0
17,24,1
17,9,2
17,9,3
17,42,4
17,1744,5
18,47,0
18,24,1
18,9,2
18,9,3
18,42,4
19,40,0
19,39,1
19,24,2
19,9,3
19,9,4
20,47,0
20,24,1
20,9,2
20,9,3
20,42,4
20,7843,5
21,92,0
21,7010,1
21,966,2
21,536,3
21,545,4
22,47,0
22,24,1
22,9,2
22,9,3
22,42,4
22,6825,5
23,1059,0
23,737,1
23,138,2
23,685,3
23,377,4
24,47,0
24,24,1
24,9,2
24,9,3
24,42,4
24,8356,5
25,47,0
25,24,1
25,9,2
25,9,3
25,42,4
26,40,0
26,39,1
26,24,2
26,9,3
26,9,4
27,1936,0
27,657,1
27,1591,2
27,7476,3
27,190,4
27,6,5
28,180,0
28,1452,1
28,180,2
28,110,3
28,143,4
29,47,0
29,24,1
29,9,2
29,9,3
29,42,4
30,47,0
30,24,1
30,9,2
30,9,3
30,42,4
31,6,0
31,6,1
31,20,2
31,20,3
31,53,4
32,40,0
32,39,1
32,9,2
32,9,3
32,9,4
32,9,5
33,40,0
33,39,1
33,24,2
33,9,3
33,9,4
34,47,0
34,24,1
34,9,2
34,9,3
34,42,4
35,47,0
35,24,1
35,9,2
35,9,3
35,42,4
36,520,0
36,1244,1
36,1714,2
36,1908,3
36,7170,4
37,47,0
37,24,1
37,9,2
37,9,3
37,42,4
37,7458,5
38,102,0
38,4774,1
38,4089,2
38,850,3
38,827,4
38,2445,5
39,471,0
39,156,1
39,220,2
39,3834,3
39,5379,4
40,47,0
40,24,1
40,9,2
40,9,3
40,42,4
41,47,0
41,24,1
41,9,2
41,9,3
41,42,4
42,761,0
42,3107,1
42,270,2
42,114,3
42,298,4
42,842,5
43,47,0
43,24,1
43,9,2
43,9,3
43,42,4
43,3789,5
44,47,0
44,24,1
44,9,2
44,9,3
44,42,4
45,351,0
45,6439,1
45,346,2
45,346,3
45,446,4
46,24,0
46,9,1
46,9,2
46,40,3
46,39,4
47,731,0
47,966,1
47,1708,2
47,1326,3
47,476,4
48,1498,0
48,2662,1
48,23,2
48,23,3
48,1160,4
48,188,5
48,185,6
48,6,7
49,47,0
49,24,1
49,9,2
49,9,3
49,66,4
49,435,5
50,47,0
50,24,1
50,9,2
50,9,3
50,42,4
51,73,0
51,387,1
51,1586,2
51,56,3
51,343,4
52,47,0
52,24,1
52,9,2
52,9,3
52,42,4
52,3789,5
53,40,0
53,39,1
53,24,2
53,9,3
53,9,4
54,51,0
54,2248,1
54,6,2
54,3846,3
54,6,4
55,40,0
55,39,1
55,24,2
55,9,3
55,9,4
56,348,0
56,264,1
56,161,2
56,14,3
56,110,4
56,143,5
57,47,0
57,24,1
57,9,2
57,9,3
57,42,4
58,47,0
58,24,1
58,9,2
58,9,3
58,42,4
59,47,0
59,24,1
59,9,2
59,9,3
59,42,4
59,6825,5
60,47,0
60,24,1
60,9,2
60,9,3
60,42,4
61,47,0
61,24,1
61,9,2
61,9,3
61,42,4
62,47,0
62,24,1
62,9,2
62,9,3
62,42,4
63,40,0
63,39,1
63,24,2
63,9,3
63,9,4
64,40,0
64,39,1
64,24,2
64,9,3
64,9,4
65,47,0
65,24,1
65,9,2
65,9,3
65,42,4
66,40,0
66,39,1
66,24,2
66,9,3
66,9,4
67,40,0
67,39,1
67,24,2
67,9,3
67,9,4
68,47,0
68,24,1
68,9,2
68,9,3
68,42,4
69,244,0
69,657,1
69,433,2
69,4181,3
69,1402,4
69,3916,5
69,4939,6
69,508,7
69,3913,8
70,47,0
70,24,1
70,9,2
70,9,3
70,42,4
71,47,0
71,24,1
71,9,2
71,9,3
71,42,4
72,47,0
72,24,1
72,9,2
72,9,3
72,42,4
73,47,0
73,24,1
73,9,2
73,9,3
73,42,4
74,47,0
74,24,1
74,9,2
74,9,3
74,42,4
75,40,0
75,39,1
75,24,2
75,9,3
75,9,4
76,40,0
76,39,1
76,24,2
76,9,3
76,9,4
77,47,0
77,24,1
77,9,2
77,9,3
77,42,4
78,4575,0
78,47,1
78,24,2
78,9,3
78,9,4
78,42,5
79,607,0
79,478,1
79,3880,2
79,5907,3
79,7462,4
79,5322,5
79,8812,6
79,7576,7
79,6689,8
79,5368,9
79,8813,10
80,40,0
80,39,1
80,24,2
80,9,3
80,9,4
80,5541,5
81,40,0
81,39,1
81,24,2
81,9,3
81,9,4
82,298,0
82,3107,1
82,56,2
82,109,3
82,1898,4
83,47,0
83,24,1
83,9,2
83,9,3
83,42,4
84,40,0
84,39,1
84,24,2
84,9,3
84,9,4
85,52,0
85,52,1
85,79,2
85,89,3
85,205,4
85,1990,5
86,40,0
86,39,1
86,9,2
86,9,3
86,9,4
86,9,5
87,264,0
87,163,1
87,642,2
87,1085,3
87,668,4
87,668,5
87,463,6
87,188,7
87,185,8
87,6,9
88,40,0
88,39,1
88,24,2
88,9,3
88,9,4
88,595,5
89,47,0
89,24,1
89,9,2
89,9,3
89,42,4
90,47,0
90,24,1
90,9,2
90,9,3
90,42,4
91,40,0
91,39,1
91,24,2
91,9,3
91,9,4
92,47,0
92,24,1
92,9,2
92,9,3
92,42,4
93,40,0
93,39,1
93,24,2
93,9,3
93,9,4
94,4624,0
94,99,1
94,2,2
94,1,3
94,29,4
94,164,5
95,47,0
95,24,1
95,9,2
95,9,3
95,42,4
96,47,0
96,24,1
96,9,2
96,9,3
96,42,4
96,6825,5
97,47,0
97,24,1
97,9,2
97,9,3
97,42,4
98,40,0
98,39,1
98,24,2
98,9,3
98,9,4
99,47,0
99,24,1
99,9,2
99,9,3
99,42,4
100,47,0
100,24,1
100,9,2
100,9,3
100,42,4
100,5150,5
101,47,0
101,24,1
101,9,2
101,9,3
101,42,4
102,4,0
102,20,1
102,20,2
102,53,3
102,53,4
103,40,0
103,39,1
103,24,2
103,9,3
103,9,4
104,47,0
104,24,1
104,9,2
104,9,3
104,42,4
105,47,0
105,24,1
105,9,2
105,9,3
105,42,4
105,3789,5
106,47,0
106,24,1
106,9,2
106,9,3
106,42,4
107,40,0
107,39,1
107,24,2
107,9,3
107,9,4
108,40,0
108,39,1
108,24,2
108,9,3
108,9,4
109,1248,0
109,7531,1
109,5108,2
109,2,3
109,1,4
110,47,0
110,24,1
110,9,2
110,9,3
110,42,4
111,5363,0
111,5969,1
111,8784,2
111,2293,3
111,8692,4
111,490,5
112,47,0
112,24,1
112,9,2
112,9,3
112,42,4
113,2,0
113,1,1
113,66,2
113,435,3
113,109,4
113,3140,5
113,5874,6
113,3758,7
114,47,0
114,24,1
114,9,2
114,9,3
114,42,4
115,47,0
115,24,1
115,9,2
115,9,3
115,42,4
116,40,0
116,39,1
116,24,2
116,9,3
116,9,4
117,47,0
117,24,1
117,9,2
117,9,3
117,42,4
118,6,0
118,6,1
118,6,2
118,48,3
118,2996,4
118,7758,5
118,25,6
118,85,7
119,135,0
119,1512,1
119,307,2
119,18,3
119,18,4
120,40,0
120,39,1
120,24,2
120,9,3
120,9,4
121,20,0
121,20,1
121,53,2
121,20,3
121,20,4
121,53,5
122,40,0
122,39,1
122,24,2
122,9,3
122,9,4
123,40,0
123,39,1
123,24,2
123,9,3
123,9,4
124,298,0
124,298,1
124,4556,2
124,128,3
124,1828,4
125,47,0
125,24,1
125,9,2
125,9,3
125,42,4
126,40,0
126,39,1
126,24,2
126,9,3
126,9,4
126,120,5
127,20,0
127,20,1
127,53,2
127,965,3
127,322,4
128,307,0
128,6,1
128,18,2
128,18,3
128,636,4
129,47,0
129,24,1
129,9,2
129,9,3
129,42,4
130,47,0
130,24,1
130,9,2
130,9,3
130,42,4
131,3153,0
131,17,1
131,23,2
131,23,3
131,712,4
131,573,5
131,3086,6
131,190,7
131,190,8
131,6,9
132,3161,0
132,5764,1
132,1593,2
132,1444,3
132,398,4
133,29,0
133,198,1
133,1895,2
133,2203,3
133,162,4
134,47,0
134,24,1
134,9,2
134,9,3
134,42,4
135,40,0
135,39,1
135,24,2
135,9,3
135,9,4
135,5541,5
136,47,0
136,24,1
136,9,2
136,9,3
136,42,4
136,7915,5
137,1578,0
137,4839,1
137,5259,2
137,7514,3
137,8722,4
138,1088,0
138,1516,1
138,2714,2
138,6,3
138,463,4
139,47,0
139,24,1
139,9,2
139,9,3
139,42,4
140,47,0
140,24,1
140,9,2
140,9,3
140,42,4
141,40,0
141,39,1
141,24,2
141,9,3
141,9,4
142,40,0
142,39,1
142,24,2
142,9,3
142,9,4
143,47,0
143,24,1
143,9,2
143,9,3
143,42,4
144,634,0
144,136,1
144,642,2
144,41,3
144,1688,4
144,84,5
145,40,0
145,39,1
145,24,2
145,9,3
145,9,4
146,40,0
146,39,1
146,24,2
146,9,3
146,9,4
146,5605,5
147,47,0
147,24,1
147,9,2
147,9,3
147,42,4
148,47,0
148,24,1
148,9,2
148,9,3
148,42,4
148,7843,5
149,40,0
149,39,1
149,24,2
149,9,3
149,9,4
150,40,0
150,39,1
150,9,2
150,9,3
150,9,4
150,9,5
151,47,0
151,24,1
151,9,2
151,9,3
151,42,4
152,20,0
152,20,1
152,53,2
152,135,3
152,20,4
152,20,5
152,53,6
153,716,0
153,27,1
153,1119,2
153,651,3
153,2704,4
153,502,5
153,2371,6
154,577,0
154,1018,1
154,2494,2
154,2478,3
154,232,4
155,47,0
155,24,1
155,9,2
155,9,3
155,42,4
156,1156,0
156,6435,1
156,198,2
156,1554,3
156,358,4
156,6,5
156,18,6
156,18,7
156,190,8
157,40,0
157,39,1
157,24,2
157,9,3
157,9,4
158,6,0
158,18,1
158,18,2
158,188,3
158,185,4
158,6,5
159,996,0
159,1034,1
159,681,2
159,2,3
159,1,4
160,53,0
160,20,1
160,20,2
160,53,3
160,180,4
160,2025,5
161,47,0
161,24,1
161,9,2
161,9,3
161,42,4
162,40,0
162,39,1
162,24,2
162,9,3
162,9,4
163,38,0
163,37,1
163,613,2
163,316,3
163,3665,4
164,47,0
164,24,1
164,9,2
164,9,3
164,42,4
165,40,0
165,39,1
165,24,2
165,9,3
165,9,4
166,163,0
166,774,1
166,642,2
166,193,3
166,929,4
166,33,5
166,315,6
167,61,0
167,61,1
167,2684,2
167,2727,3
167,4804,4
168,40,0
168,39,1
168,24,2
168,9,3
168,9,4
169,171,0
169,171,1
169,171,2
169,171,3
169,171,4
169,171,5
169,171,6
169,171,7
169,171,8
169,171,9
170,605,0
170,1110,1
170,12,2
170,842,3
170,5991,4
171,40,0
171,39,1
171,9,2
171,9,3
171,9,4
171,9,5
172,40,0
172,39,1
172,24,2
172,9,3
172,9,4
173,43,0
173,43,1
173,465,2
173,465,3
173,116,4
174,1928,0
174,547,1
174,537,2
174,6,3
174,6,4
175,47,0
175,24,1
175,9,2
175,9,3
175,42,4
176,17,0
176,8261,1
176,3206,2
176,6295,3
176,461,4
176,625,5
176,2205,6
177,1487,0
177,102,1
177,27,2
177,547,3
177,537,4
177,358,5
177,18,6
177,18,7
178,40,0
178,39,1
178,24,2
178,9,3
178,9,4
179,40,0
179,39,1
179,9,2
179,9,3
179,9,4
179,9,5
179,155,6
180,40,0
180,39,1
180,24,2
180,9,3
180,9,4
181,47,0
181,24,1
181,9,2
181,9,3
181,42,4
182,2765,0
182,2528,1
182,3757,2
182,1807,3
182,4972,4
182,81,5
183,47,0
183,24,1
183,9,2
183,9,3
183,42,4
183,1985,5
184,40,0
184,39,1
184,24,2
184,9,3
184,9,4
185,47,0
185,24,1
185,9,2
185,9,3
185,42,4
186,2603,0
186,1530,1
186,4011,2
186,2536,3
186,4892,4
187,47,0
187,24,1
187,9,2
187,9,3
187,42,4
187,4777,5
187,138,6
188,40,0
188,39,1
188,24,2
188,9,3
188,9,4
189,40,0
189,39,1
189,24,2
189,9,3
189,9,4
189,5100,5
190,47,0
190,24,1
190,9,2
190,9,3
190,42,4
191,400,0
191,400,1
191,131,2
191,6,3
191,463,4
192,47,0
192,24,1
192,9,2
192,9,3
192,42,4
193,47,0
193,24,1
193,9,2
193,9,3
193,42,4
193,7843,5
194,47,0
194,24,1
194,9,2
194,9,3
194,42,4
195,1403,0
195,1512,1
195,6,2
195,18,3
195,18,4
195,190,5
196,40,0
196,39,1
196,24,2
196,9,3
196,9,4
197,40,0
197,39,1
197,24,2
197,9,3
197,9,4
198,40,0
198,39,1
198,24,2
198,9,3
198,9,4
199,47,0
199,24,1
199,9,2
199,9,3
199,42,4
200,24,0
200,9,1
200,9,2
200,42,3
200,47,4
201,47,0
201,24,1
201,9,2
201,9,3
201,42,4
201,4777,5
202,47,0
202,24,1
202,9,2
202,9,3
202,42,4
202,5150,5
202,389,6
203,47,0
203,24,1
203,9,2
203,9,3
203,42,4
204,262,0
204,1934,1
204,309,2
204,2928,3
204,76,4
204,1149,5
204,5984,6
205,115,0
205,115,1
205,115,2
205,115,3
205,115,4
205,115,5
205,115,6
205,115,7
205,115,8
205,6,9
205,18,10
205,18,11
206,40,0
206,39,1
206,24,2
206,9,3
206,9,4
207,47,0
207,24,1
207,9,2
207,9,3
207,42,4
208,47,0
208,24,1
208,9,2
208,9,3
208,42,4
209,38,0
209,38,1
209,37,2
209,37,3
209,113,4
210,47,0
210,24,1
210,9,2
210,9,3
210,42,4
211,40,0
211,39,1
211,24,2
211,9,3
211,9,4
212,47,0
212,24,1
212,9,2
212,9,3
212,42,4
213,40,0
213,39,1
213,24,2
213,9,3
213,9,4
214,40,0
214,39,1
214,24,2
214,9,3
214,9,4
215,457,0
215,427,1
215,97,2
215,500,3
215,248,4
216,1935,0
216,2130,1
216,3445,2
216,76,3
216,8343,4
216,1473,5
217,118,0
217,114,1
217,11,2
217,3851,3
217,3927,4
218,47,0
218,24,1
218,9,2
218,9,3
218,42,4
219,213,0
219,3273,1
219,155,2
219,980,3
219,297,4
220,40,0
220,39,1
220,24,2
220,9,3
220,9,4
221,401,0
221,864,1
221,11,2
221,5789,3
221,1027,4
222,1490,0
222,173,1
222,294,2
222,269,3
222,800,4
223,6,0
223,3661,1
223,6669,2
223,844,3
223,353,4
223,148,5
223,992,6
224,47,0
224,24,1
224,9,2
224,9,3
224,42,4
224,2463,5
225,742,0
225,1269,1
225,767,2
225,73,3
225,203,4
226,40,0
226,39,1
226,24,2
226,9,3
226,9,4
226,7882,5
227,76,0
227,326,1
227,186,2
227,176,3
227,1345,4
228,2712,0
228,8192,1
228,1871,2
228,8735,3
228,8789,4
229,1487,0
229,80,1
229,6,2
229,18,3
229,18,4
230,40,0
230,39,1
230,24,2
230,9,3
230,9,4
231,40,0
231,39,1
231,24,2
231,9,3
231,9,4
232,47,0
232,24,1
232,9,2
232,9,3
232,42,4
232,4777,5
233,47,0
233,24,1
233,9,2
233,9,3
233,42,4
234,40,0
234,39,1
234,24,2
234,9,3
234,9,4
235,40,0
235,39,1
235,24,2
235,9,3
235,9,4
236,47,0
236,24,1
236,9,2
236,9,3
236,42,4
237,658,0
237,694,1
237,516,2
237,267,3
237,26,4
237,2650,5
238,40,0
238,39,1
238,24,2
238,9,3
238,9,4
238,5541,5
239,47,0
239,24,1
239,9,2
239,9,3
239,42,4
239,8604,5
240,24,0
240,9,1
240,9,2
240,40,3
240,39,4
241,47,0
241,24,1
241,9,2
241,9,3
241,42,4
242,47,0
242,24,1
242,9,2
242,9,3
242,42,4
243,40,0
243,39,1
243,24,2
243,9,3
243,9,4
244,20,0
244,20,1
244,53,2
244,110,3
244,143,4
245,40,0
245,39,1
245,24,2
245,9,3
245,9,4
246,1401,0
246,1763,1
246,265,2
246,265,3
246,300,4
247,20,0
247,20,1
247,53,2
247,2,3
247,1,4
248,40,0
248,39,1
248,24,2
248,9,3
248,9,4
249,47,0
249,24,1
249,9,2
249,9,3
249,42,4
250,508,0
250,10,1
250,10,2
250,1274,3
250,7524,4
250,425,5
250,187,6
251,47,0
251,24,1
251,9,2
251,9,3
251,42,4
252,47,0
252,24,1
252,9,2
252,9,3
252,42,4
253,78,0
253,210,1
253,227,2
253,227,3
253,258,4
254,52,0
254,52,1
254,6,2
254,6,3
254,18,4
254,18,5
255,40,0
255,39,1
255,24,2
255,9,3
255,9,4
256,497,0
256,1160,1
256,6,2
256,18,3
256,18,4
257,40,0
257,39,1
257,24,2
257,9,3
257,9,4
258,3511,0
258,420,1
258,242,2
258,1724,3
258,6957,4
259,454,0
259,2719,1
259,2485,2
259,103,3
259,2002,4
260,47,0
260,24,1
260,9,2
260,9,3
260,42,4
261,47,0
261,24,1
261,9,2
261,9,3
261,42,4
261,8505,5
262,47,0
262,24,1
262,9,2
262,9,3
262,42,4
262,8604,5
263,40,0
263,39,1
263,24,2
263,9,3
263,9,4
264,2647,0
264,6,1
264,6,2
264,6,3
264,6,4
264,1961,5
264,891,6
264,6,7
264,6,8
264,3575,9
264,4105,10
264,6,11
264,984,12
264,6,13
264,169,14
265,47,0
265,24,1
265,9,2
265,9,3
265,42,4
266,47,0
266,24,1
266,9,2
266,9,3
266,42,4
267,47,0
267,24,1
267,9,2
267,9,3
267,42,4
268,2266,0
268,190,1
268,6,2
268,188,3
268,185,4
268,463,5
269,47,0
269,24,1
269,9,2
269,9,3
269,42,4
270,1599,0
270,1156,1
270,8429,2
270,1544,3
270,2587,4
270,719,5
270,6,6
270,18,7
270,18,8
271,47,0
271,24,1
271,9,2
271,9,3
271,42,4
272,40,0
272,39,1
272,24,2
272,9,3
272,9,4
273,40,0
273,39,1
273,24,2
273,9,3
273,9,4
274,47,0
274,24,1
274,9,2
274,9,3
274,42,4
275,1074,0
275,13,1
275,13,2
275,8177,3
275,13,4
276,1487,0
276,1498,1
276,675,2
276,1160,3
276,4778,4
276,188,5
276,185,6
276,6,7
277,47,0
277,24,1
277,9,2
277,9,3
277,42,4
278,40,0
278,39,1
278,24,2
278,9,3
278,9,4
279,40,0
279,39,1
279,24,2
279,9,3
279,9,4
280,47,0
280,24,1
280,9,2
280,9,3
280,42,4
281,40,0
281,39,1
281,24,2
281,9,3
281,9,4
282,47,0
282,24,1
282,9,2
282,9,3
282,42,4
283,47,0
283,24,1
283,9,2
283,9,3
283,42,4
284,57,0
284,18,1
284,18,2
284,188,3
284,185,4
285,40,0
285,39,1
285,24,2
285,9,3
285,9,4
286,40,0
286,39,1
286,24,2
286,9,3
286,9,4
287,547,0
287,537,1
287,3,2
287,4,3
287,6,4
288,47,0
288,24,1
288,9,2
288,9,3
288,42,4
289,40,0
289,39,1
289,24,2
289,9,3
289,9,4
290,47,0
290,24,1
290,9,2
290,9,3
290,42,4
291,47,0
291,24,1
291,9,2
291,9,3
291,42,4
291,2463,5
292,5219,0
292,6,1
292,2684,2
292,177,3
292,188,4
292,185,5
292,6,6
292,6,7
292,6,8
293,47,0
293,24,1
293,9,2
293,9,3
293,42,4
294,40,0
294,39,1
294,24,2
294,9,3
294,9,4
295,47,0
295,24,1
295,9,2
295,9,3
295,42,4
296,40,0
296,39,1
296,24,2
296,9,3
296,9,4
297,47,0
297,24,1
297,9,2
297,9,3
297,42,4
297,4777,5
298,2,0
298,1,1
298,135,2
298,2458,3
298,1085,4
298,6,5
298,18,6
298,18,7
299,161,0
299,20,1
299,20,2
299,84,3
299,53,4
300,40,0
300,39,1
300,24,2
300,9,3
300,9,4
301,47,0
301,24,1
301,9,2
301,9,3
301,42,4
302,47,0
302,24,1
302,9,2
302,9,3
302,42,4
303,2,0
303,1,1
303,1927,2
303,121,3
303,121,4
304,47,0
304,24,1
304,9,2
304,9,3
304,42,4
305,40,0
305,39,1
305,24,2
305,9,3
305,9,4
306,40,0
306,39,1
306,24,2
306,9,3
306,9,4
307,47,0
307,24,1
307,9,2
307,9,3
307,42,4
307,2463,5
308,40,0
308,39,1
308,24,2
308,9,3
308,9,4
309,47,0
309,24,1
309,9,2
309,9,3
309,42,4
310,153,0
310,5324,1
310,32,2
310,32,3
310,11,4
311,1348,0
311,4235,1
311,2411,2
311,4238,3
311,104,4
312,40,0
312,39,1
312,24,2
312,9,3
312,9,4
313,40,0
313,39,1
313,24,2
313,9,3
313,9,4
314,41,0
314,14,1
314,20,2
314,20,3
314,636,4
314,53,5
315,47,0
315,24,1
315,9,2
315,9,3
315,42,4
315,7458,5
316,40,0
316,39,1
316,24,2
316,9,3
316,9,4
316,6281,5
317,40,0
317,39,1
317,24,2
317,9,3
317,9,4
318,1296,0
318,188,1
318,6,2
318,185,3
318,18,4
318,18,5
318,133,6
319,1337,0
319,4461,1
319,1329,2
319,612,3
319,797,4
319,81,5
320,40,0
320,39,1
320,24,2
320,9,3
320,9,4
321,40,0
321,39,1
321,24,2
321,9,3
321,9,4
322,47,0
322,24,1
322,9,2
322,9,3
322,42,4
323,2586,0
323,358,1
323,6,2
323,6,3
323,18,4
323,18,5
324,40,0
324,39,1
324,9,2
324,554,3
324,9,4
324,554,5
325,57,0
325,13,1
325,2057,2
325,2898,3
325,2663,4
326,2898,0
326,2325,1
326,2875,2
326,7943,3
326,4759,4
326,12,5
326,2250,6
327,1296,0
327,307,1
327,18,2
327,18,3
327,6,4
328,47,0
328,24,1
328,9,2
328,9,3
328,42,4
329,40,0
329,39,1
329,24,2
329,9,3
329,9,4
330,15,0
330,1964,1
330,1964,2
330,1963,3
330,1487,4
330,1498,5
330,173,6
330,102,7
330,6,8
330,6,9
331,55,0
331,110,1
331,133,2
331,120,3
331,19,4
332,1154,0
332,296,1
332,41,2
332,20,3
332,20,4
332,53,5
333,40,0
333,39,1
333,24,2
333,9,3
333,9,4
334,1374,0
334,2897,1
334,2458,2
334,50,3
334,638,4
334,6,5
335,1648,0
335,8611,1
335,4472,2
335,6586,3
335,4473,4
335,3657,5
336,47,0
336,24,1
336,9,2
336,9,3
336,42,4
337,47,0
337,24,1
337,9,2
337,9,3
337,42,4
338,47,0
338,24,1
338,9,2
338,9,3
338,42,4
339,47,0
339,24,1
339,9,2
339,9,3
339,42,4
339,1444,5
340,47,0
340,24,1
340,9,2
340,9,3
340,42,4
341,47,0
341,24,1
341,9,2
341,9,3
341,42,4
342,47,0
342,9,1
342,9,2
342,9,3
342,9,4
342,42,5
343,47,0
343,24,1
343,9,2
343,9,3
343,42,4
343,2463,5
344,40,0
344,39,1
344,24,2
344,9,3
344,9,4
345,40,0
345,39,1
345,9,2
345,9,3
345,9,4
345,9,5
346,125,0
346,1296,1
346,307,2
346,573,3
346,463,4
346,6,5
347,40,0
347,39,1
347,9,2
347,9,3
347,6021,4
347,6770,5
348,47,0
348,24,1
348,9,2
348,9,3
348,42,4
349,19,0
349,135,1
349,57,2
349,188,3
349,185,4
350,40,0
350,39,1
350,24,2
350,9,3
350,9,4
351,1160,0
351,2266,1
351,290,2
351,65,3
351,5355,4
351,453,5
352,47,0
352,24,1
352,9,2
352,9,3
352,42,4
353,1487,0
353,1498,1
353,1498,2
353,135,3
353,268,4
354,2897,0
354,8157,1
354,2458,2
354,82,3
354,190,4
354,6,5
355,900,0
355,40,1
355,39,2
355,24,3
355,9,4
355,9,5
356,47,0
356,24,1
356,9,2
356,9,3
356,42,4
356,7915,5
357,47,0
357,24,1
357,9,2
357,9,3
357,42,4
358,450,0
358,754,1
358,2,2
358,1,3
358,169,4
359,25,0
359,1386,1
359,138,2
359,1148,3
359,1586,4
360,47,0
360,24,1
360,9,2
360,9,3
360,42,4
361,47,0
361,24,1
361,9,2
361,9,3
361,42,4
362,47,0
362,24,1
362,9,2
362,9,3
362,42,4
362,8505,5
363,3415,0
363,882,1
363,966,2
363,1708,3
363,2262,4
363,8239,5
363,316,6
363,1170,7
363,3,8
364,47,0
364,24,1
364,9,2
364,9,3
364,42,4
365,24,0
365,9,1
365,9,2
365,40,3
365,39,4
366,47,0
366,24,1
366,9,2
366,9,3
366,42,4
367,40,0
367,39,1
367,24,2
367,9,3
367,9,4
368,40,0
368,39,1
368,24,2
368,9,3
368,9,4
369,40,0
369,39,1
369,24,2
369,9,3
369,9,4
370,47,0
370,24,1
370,9,2
370,9,3
370,42,4
371,47,0
371,24,1
371,9,2
371,9,3
371,42,4
371,3789,5
372,7792,0
372,1566,1
372,806,2
372,673,3
372,87,4
373,20,0
373,20,1
373,53,2
373,2,3
373,1,4
374,47,0
374,24,1
374,9,2
374,9,3
374,42,4
375,38,0
375,37,1
375,38,2
375,37,3
375,5691,4
376,40,0
376,39,1
376,24,2
376,9,3
376,9,4
377,1056,0
377,644,1
377,6371,2
377,1192,3
377,3342,4
378,40,0
378,39,1
378,24,2
378,9,3
378,9,4
379,40,0
379,39,1
379,24,2
379,9,3
379,9,4
380,190,0
380,188,1
380,185,2
380,18,3
380,18,4
381,51,0
381,51,1
381,1135,2
381,836,3
381,1575,4
381,4035,5
381,8,6
381,2355,7
381,5302,8
381,44,9
381,547,10
381,537,11
381,358,12
381,6,13
381,6,14
381,463,15
381,6,16
382,40,0
382,39,1
382,24,2
382,9,3
382,9,4
383,47,0
383,24,1
383,9,2
383,9,3
383,42,4
384,224,0
384,8597,1
384,3659,2
384,1328,3
384,4857,4
385,40,0
385,39,1
385,24,2
385,9,3
385,9,4
386,47,0
386,24,1
386,9,2
386,9,3
386,42,4
387,135,0
387,1853,1
387,2266,2
387,23,3
387,23,4
388,47,0
388,24,1
388,9,2
388,9,3
388,42,4
389,47,0
389,24,1
389,9,2
389,9,3
389,42,4
390,40,0
390,39,1
390,24,2
390,9,3
390,9,4
391,47,0
391,24,1
391,9,2
391,9,3
391,42,4
392,40,0
392,39,1
392,24,2
392,9,3
392,9,4
393,47,0
393,24,1
393,24,2
393,9,3
393,9,4
393,9,5
393,9,6
393,42,7
393,40,8
393,39,9
394,47,0
394,24,1
394,9,2
394,9,3
394,42,4
395,2,0
395,1,1
395,20,2
395,20,3
395,53,4
396,2,0
396,1,1
396,1575,2
396,930,3
396,320,4
396,190,5
396,6,6
396,6,7
396,18,8
396,18,9
397,40,0
397,39,1
397,24,2
397,9,3
397,9,4
398,1156,0
398,1853,1
398,50,2
398,6,3
398,463,4
399,47,0
399,24,1
399,9,2
399,9,3
399,42,4
400,47,0
400,24,1
400,9,2
400,9,3
400,42,4
401,7644,0
401,4580,1
401,40,2
401,39,3
401,24,4
401,9,5
401,9,6
401,308,7
402,630,0
402,47,1
402,24,2
402,9,3
402,9,4
402,42,5
402,6,6
402,18,7
402,18,8
403,40,0
403,39,1
403,24,2
403,9,3
403,9,4
404,219,0
404,497,1
404,211,2
404,241,3
404,241,4
405,110,0
405,110,1
405,143,2
405,143,3
405,1744,4
405,3140,5
406,47,0
406,24,1
406,9,2
406,9,3
406,42,4
407,395,0
407,14,1
407,1565,2
407,30,3
407,30,4
408,47,0
408,24,1
408,9,2
408,9,3
408,42,4
409,47,0
409,42,1
409,6835,2
409,3338,3
409,1139,4
410,40,0
410,39,1
410,24,2
410,9,3
410,9,4
411,40,0
411,39,1
411,24,2
411,9,3
411,9,4
412,40,0
412,39,1
412,24,2
412,9,3
412,9,4
413,40,0
413,39,1
413,24,2
413,9,3
413,9,4
414,110,0
414,143,1
414,20,2
414,20,3
414,53,4
415,40,0
415,39,1
415,24,2
415,9,3
415,9,4
416,47,0
416,24,1
416,9,2
416,9,3
416,42,4
417,40,0
417,39,1
417,9,2
417,9,3
417,9,4
417,9,5
418,19,0
418,497,1
418,6,2
418,188,3
418,185,4
419,47,0
419,24,1
419,9,2
419,9,3
419,42,4
420,47,0
420,24,1
420,9,2
420,9,3
420,42,4
421,3420,0
421,3608,1
421,5701,2
421,580,3
421,1109,4
422,47,0
422,24,1
422,9,2
422,9,3
422,42,4
422,3789,5
423,47,0
423,24,1
423,9,2
423,9,3
423,42,4
423,6905,5
424,1572,0
424,8237,1
424,1442,2
424,117,3
424,69,4
425,1781,0
425,789,1
425,2714,2
425,678,3
425,1814,4
426,40,0
426,39,1
426,24,2
426,9,3
426,9,4
427,7284,0
427,419,1
427,2718,2
427,6153,3
427,413,4
427,7,5
428,40,0
428,39,1
428,24,2
428,9,3
428,9,4
429,47,0
429,24,1
429,9,2
429,9,3
429,42,4
429,3789,5
430,47,0
430,24,1
430,9,2
430,9,3
430,42,4
431,40,0
431,39,1
431,24,2
431,9,3
431,9,4
432,1168,0
432,623,1
432,138,2
432,12,3
432,1170,4
432,3424,5
433,1336,0
433,2135,1
433,2072,2
433,2849,3
433,8563,4
434,105,0
434,47,1
434,24,2
434,9,3
434,9,4
434,42,5
434,2463,6
435,47,0
435,24,1
435,9,2
435,9,3
435,42,4
436,40,0
436,39,1
436,24,2
436,9,3
436,9,4
437,40,0
437,39,1
437,9,2
437,9,3
437,9,4
437,9,5
438,40,0
438,39,1
438,24,2
438,9,3
438,9,4
439,660,0
439,6079,1
439,2,2
439,1,3
439,744,4
439,1507,5
439,2243,6
440,1599,0
440,935,1
440,1564,2
440,1039,3
440,547,4
440,537,5
441,40,0
441,39,1
441,24,2
441,9,3
441,9,4
442,125,0
442,40,1
442,39,2
442,24,3
442,9,4
442,9,5
442,40,6
442,39,7
442,24,8
442,9,9
442,9,10
442,2322,11
442,5499,12
443,40,0
443,39,1
443,24,2
443,9,3
443,9,4
444,5553,0
444,47,1
444,24,2
444,9,3
444,9,4
444,42,5
445,8299,0
445,1126,1
445,47,2
445,24,3
445,9,4
445,9,5
445,42,6
445,3292,7
446,47,0
446,24,1
446,9,2
446,9,3
446,42,4
447,47,0
447,24,1
447,9,2
447,9,3
447,42,4
448,47,0
448,24,1
448,9,2
448,9,3
448,42,4
449,47,0
449,24,1
449,9,2
449,9,3
449,42,4
449,8505,5
450,47,0
450,24,1
450,9,2
450,9,3
450,42,4
451,6,0
451,18,1
451,18,2
451,188,3
451,185,4
451,190,5
452,52,0
452,52,1
452,55,2
452,978,3
452,4,4
453,47,0
453,24,1
453,9,2
453,9,3
453,42,4
454,40,0
454,39,1
454,24,2
454,9,3
454,9,4
455,408,0
455,408,1
455,47,2
455,24,3
455,9,4
455,9,5
455,42,6
456,40,0
456,39,1
456,24,2
456,9,3
456,9,4
457,40,0
457,39,1
457,24,2
457,9,3
457,9,4
458,40,0
458,39,1
458,24,2
458,9,3
458,9,4
459,47,0
459,24,1
459,9,2
459,9,3
459,42,4
459,7458,5
460,6104,0
460,673,1
460,6,2
460,18,3
460,18,4
460,51,5
461,47,0
461,24,1
461,9,2
461,9,3
461,42,4
462,40,0
462,39,1
462,24,2
462,9,3
462,9,4
463,40,0
463,39,1
463,24,2
463,9,3
463,9,4
464,47,0
464,24,1
464,9,2
464,9,3
464,42,4
465,1498,0
465,135,1
465,1487,2
465,290,3
465,268,4
465,547,5
465,537,6
465,358,7
465,133,8
466,47,0
466,24,1
466,9,2
466,9,3
466,42,4
467,211,0
467,29,1
467,17,2
467,2025,3
467,251,4
467,197,5
468,47,0
468,24,1
468,9,2
468,9,3
468,42,4
469,591,0
469,274,1
469,6306,2
469,6868,3
469,91,4
469,91,5
470,47,0
470,24,1
470,9,2
470,9,3
470,42,4
471,935,0
471,23,1
471,23,2
471,18,3
471,18,4
472,47,0
472,24,1
472,9,2
472,9,3
472,42,4
472,8356,5
473,47,0
473,24,1
473,9,2
473,9,3
473,42,4
474,2275,0
474,2050,1
474,56,2
474,410,3
474,1786,4
474,5294,5
475,47,0
475,24,1
475,9,2
475,9,3
475,42,4
476,47,0
476,24,1
476,9,2
476,9,3
476,42,4
477,40,0
477,39,1
477,24,2
477,9,3
477,9,4
478,47,0
478,24,1
478,9,2
478,9,3
478,42,4
479,47,0
479,24,1
479,9,2
479,9,3
479,42,4
479,4777,5
480,1216,0
480,92,1
480,4511,2
480,73,3
480,872,4
481,47,0
481,24,1
481,9,2
481,9,3
481,42,4
482,40,0
482,39,1
482,24,2
482,9,3
482,9,4
483,40,0
483,39,1
483,24,2
483,9,3
483,9,4
483,5100,5
484,40,0
484,39,1
484,24,2
484,9,3
484,9,4
485,24,0
485,9,1
485,9,2
485,42,3
485,47,4
486,40,0
486,39,1
486,24,2
486,9,3
486,9,4
486,7882,5
487,6,0
487,6,1
487,5398,2
487,891,3
487,6,4
488,47,0
488,24,1
488,9,2
488,9,3
488,42,4
489,40,0
489,39,1
489,24,2
489,9,3
489,9,4
490,547,0
490,537,1
490,6,2
490,18,3
490,18,4
491,189,0
491,189,1
491,4,2
491,562,3
491,3660,4
492,381,0
492,56,1
492,3098,2
492,699,3
492,377,4
492,912,5
493,97,0
493,1244,1
493,76,2
493,3735,3
493,7556,4
494,40,0
494,39,1
494,24,2
494,9,3
494,9,4
495,307,0
495,254,1
495,653,2
495,6,3
495,64,4
496,47,0
496,24,1
496,9,2
496,9,3
496,42,4
497,47,0
497,24,1
497,9,2
497,9,3
497,42,4
498,40,0
498,39,1
498,24,2
498,9,3
498,9,4
499,6,0
499,18,1
499,18,2
499,188,3
499,185,4
500,47,0
500,24,1
500,9,2
500,9,3
500,42,4
501,40,0
501,39,1
501,9,2
501,9,3
501,2531,4
502,47,0
502,24,1
502,9,2
502,9,3
502,42,4
503,47,0
503,24,1
503,9,2
503,9,3
503,42,4
504,47,0
504,24,1
504,9,2
504,9,3
504,42,4
505,47,0
505,24,1
505,9,2
505,9,3
505,42,4
506,40,0
506,39,1
506,24,2
506,9,3
506,9,4
507,135,0
507,1487,1
507,102,2
507,18,3
507,18,4
508,6,0
508,188,1
508,185,2
508,6,3
508,6,4
508,6,5
509,40,0
509,39,1
509,24,2
509,9,3
509,9,4
510,47,0
510,24,1
510,9,2
510,9,3
510,42,4
511,40,0
511,39,1
511,24,2
511,9,3
511,9,4
512,171,0
512,171,1
512,171,2
512,171,3
512,171,4
512,171,5
512,171,6
512,171,7
512,171,8
512,171,9
512,171,10
513,3702,0
513,741,1
513,2863,2
513,2863,3
513,2593,4
514,281,0
514,56,1
514,787,2
514,3095,3
514,4780,4
514,5294,5
515,2,0
515,1,1
515,6,2
515,6,3
515,18,4
515,18,5
516,40,0
516,39,1
516,24,2
516,9,3
516,9,4
517,19,0
517,675,1
517,6,2
517,18,3
517,18,4
518,47,0
518,24,1
518,9,2
518,9,3
518,42,4
518,7458,5
519,40,0
519,39,1
519,24,2
519,9,3
519,9,4
520,2,0
520,1,1
520,20,2
520,20,3
520,53,4
521,47,0
521,24,1
521,9,2
521,9,3
521,42,4
522,40,0
522,39,1
522,24,2
522,9,3
522,9,4
523,269,0
523,2119,1
523,75,2
523,3220,3
523,1871,4
523,97,5
524,40,0
524,39,1
524,24,2
524,9,3
524,9,4
525,114,0
525,1472,1
525,4823,2
525,1143,3
525,4371,4
525,539,5
525,761,6
526,55,0
526,4,1
526,101,2
526,6,3
526,188,4
526,185,5
526,269,6
527,40,0
527,39,1
527,24,2
527,9,3
527,9,4
528,47,0
528,24,1
528,9,2
528,9,3
528,42,4
529,47,0
529,24,1
529,9,2
529,9,3
529,42,4
530,47,0
530,24,1
530,9,2
530,9,3
530,42,4
530,8346,5
530,457,6
531,47,0
531,9,1
531,9,2
531,42,3
531,6121,4
532,47,0
532,24,1
532,9,2
532,9,3
532,42,4
533,7451,0
533,1127,1
533,116,2
533,116,3
533,2597,4
533,5753,5
534,40,0
534,39,1
534,24,2
534,9,3
534,9,4
535,18,0
535,18,1
535,188,2
535,185,3
535,6,4
536,47,0
536,24,1
536,9,2
536,9,3
536,42,4
536,3789,5
537,40,0
537,39,1
537,9,2
537,9,3
537,6816,4
538,47,0
538,24,1
538,9,2
538,9,3
538,42,4
538,411,5
539,47,0
539,24,1
539,9,2
539,9,3
539,42,4
539,1365,5
540,40,0
540,39,1
540,9,2
540,9,3
540,9,4
540,9,5
541,40,0
541,39,1
541,24,2
541,9,3
541,9,4
542,47,0
542,24,1
542,9,2
542,9,3
542,42,4
543,47,0
543,24,1
543,9,2
543,9,3
543,42,4
543,3789,5
544,1878,0
544,1328,1
544,3646,2
544,854,3
544,709,4
545,47,0
545,24,1
545,9,2
545,9,3
545,42,4
546,47,0
546,24,1
546,9,2
546,9,3
546,42,4
547,40,0
547,39,1
547,24,2
547,9,3
547,9,4
547,5100,5
548,726,0
548,801,1
548,1621,2
548,1296,3
548,759,4
548,190,5
548,190,6
549,47,0
549,24,1
549,9,2
549,9,3
549,42,4
550,47,0
550,24,1
550,9,2
550,9,3
550,42,4
551,40,0
551,39,1
551,24,2
551,9,3
551,9,4
552,40,0
552,39,1
552,24,2
552,9,3
552,9,4
553,106,0
553,1514,1
553,56,2
553,1960,3
553,1288,4
553,7426,5
554,47,0
554,24,1
554,9,2
554,9,3
554,42,4
554,5847,5
555,47,0
555,24,1
555,9,2
555,9,3
555,42,4
555,4777,5
556,102,0
556,6,1
556,18,2
556,18,3
556,6,4
557,1176,0
557,3442,1
557,6691,2
557,325,3
557,1945,4
558,47,0
558,24,1
558,9,2
558,9,3
558,42,4
559,47,0
559,24,1
559,9,2
559,9,3
559,42,4
560,40,0
560,39,1
560,24,2
560,9,3
560,9,4
561,47,0
561,24,1
561,9,2
561,9,3
561,42,4
562,47,0
562,24,1
562,9,2
562,9,3
562,42,4
563,40,0
563,39,1
563,24,2
563,9,3
563,9,4
564,1943,0
564,463,1
564,6,2
564,6,3
564,188,4
564,185,5
565,40,0
565,39,1
565,24,2
565,9,3
565,9,4
566,79,0
566,868,1
566,35,2
566,190,3
566,190,4
566,18,5
566,18,6
566,6,7
567,40,0
567,39,1
567,24,2
567,9,3
567,9,4
568,47,0
568,24,1
568,9,2
568,9,3
568,42,4
568,2463,5
569,47,0
569,24,1
569,9,2
569,9,3
569,42,4
569,6121,5
570,1039,0
570,23,1
570,23,2
570,190,3
570,6,4
570,188,5
570,185,6
570,190,7
571,24,0
571,9,1
571,9,2
571,40,3
571,39,4
572,40,0
572,39,1
572,24,2
572,9,3
572,9,4
573,47,0
573,24,1
573,9,2
573,9,3
573,42,4
574,47,0
574,9,1
574,9,2
574,42,3
574,3177,4
575,40,0
575,39,1
575,24,2
575,9,3
575,9,4
576,3887,0
576,144,1
576,8564,2
576,341,3
576,3224,4
577,1216,0
577,7140,1
577,5680,2
577,8225,3
577,5156,4
578,40,0
578,39,1
578,24,2
578,9,3
578,9,4
579,280,0
579,509,1
579,119,2
579,4530,3
579,188,4
579,185,5
580,1286,0
580,850,1
580,860,2
580,282,3
580,295,4
581,136,0
581,52,1
581,52,2
581,1599,3
581,1564,4
581,547,5
581,537,6
581,6,7
582,40,0
582,39,1
582,24,2
582,9,3
582,9,4
583,2,0
583,1,1
583,188,2
583,185,3
583,18,4
583,18,5
584,5,0
584,40,1
584,39,2
584,24,3
584,9,4
584,9,5
585,40,0
585,39,1
585,24,2
585,9,3
585,9,4
585,186,5
585,1176,6
585,2436,7
585,725,8
586,47,0
586,24,1
586,9,2
586,9,3
586,42,4
587,47,0
587,24,1
587,9,2
587,9,3
587,42,4
588,40,0
588,39,1
588,24,2
588,9,3
588,9,4
589,47,0
589,24,1
589,9,2
589,9,3
589,42,4
590,5292,0
590,2465,1
590,551,2
590,3434,3
590,3471,4
591,47,0
591,24,1
591,9,2
591,9,3
591,42,4
592,47,0
592,24,1
592,9,2
592,9,3
592,42,4
593,47,0
593,24,1
593,9,2
593,9,3
593,42,4
593,2463,5
594,40,0
594,39,1
594,24,2
594,9,3
594,9,4
594,5605,5
595,47,0
595,24,1
595,9,2
595,9,3
595,42,4
596,40,0
596,39,1
596,24,2
596,9,3
596,9,4
597,279,0
597,47,1
597,24,2
597,9,3
597,9,4
597,42,5
598,40,0
598,39,1
598,24,2
598,9,3
598,9,4
599,40,0
599,39,1
599,24,2
599,9,3
599,9,4
599,5541,5
600,40,0
600,39,1
600,24,2
600,9,3
600,9,4
601,20,0
601,20,1
601,53,2
601,2,3
601,1,4
602,47,0
602,24,1
602,9,2
602,9,3
602,42,4
603,238,0
603,8443,1
603,89,2
603,1290,3
603,1485,4
604,47,0
604,24,1
604,9,2
604,9,3
604,42,4
605,193,0
605,1487,1
605,197,2
605,268,3
605,3093,4
605,6,5
605,7,6
606,47,0
606,24,1
606,9,2
606,9,3
606,42,4
607,24,0
607,9,1
607,9,2
607,40,3
607,39,4
608,6,0
608,6,1
608,18,2
608,18,3
608,6,4
609,40,0
609,39,1
609,24,2
609,9,3
609,9,4
609,1178,5
610,47,0
610,24,1
610,9,2
610,9,3
610,42,4
610,2463,5
611,47,0
611,24,1
611,9,2
611,9,3
611,42,4
611,8604,5
612,40,0
612,39,1
612,24,2
612,9,3
612,9,4
613,47,0
613,24,1
613,9,2
613,9,3
613,42,4
613,6121,5
614,47,0
614,24,1
614,9,2
614,9,3
614,42,4
614,6905,5
615,47,0
615,24,1
615,9,2
615,9,3
615,42,4
616,40,0
616,39,1
616,24,2
616,9,3
616,9,4
617,7741,0
617,132,1
617,132,2
617,24,3
617,9,4
617,9,5
618,554,0
618,59,1
618,2934,2
618,657,3
618,433,4
619,43,0
619,43,1
619,1019,2
619,220,3
619,156,4
619,5239,5
620,47,0
620,24,1
620,9,2
620,9,3
620,42,4
621,40,0
621,39,1
621,24,2
621,9,3
621,9,4
622,40,0
622,39,1
622,24,2
622,9,3
622,9,4
623,24,0
623,9,1
623,9,2
623,40,3
623,39,4
624,47,0
624,24,1
624,9,2
624,9,3
624,42,4
625,47,0
625,24,1
625,9,2
625,9,3
625,42,4
626,190,0
626,6,1
626,6,2
626,18,3
626,18,4
626,190,5
627,47,0
627,24,1
627,9,2
627,9,3
627,42,4
628,40,0
628,39,1
628,24,2
628,9,3
628,9,4
629,40,0
629,39,1
629,9,2
629,9,3
629,9,4
629,9,5
630,775,0
630,1332,1
630,5084,2
630,18,3
630,18,4
630,6,5
631,314,0
631,20,1
631,20,2
631,53,3
631,16,4
632,47,0
632,24,1
632,9,2
632,9,3
632,42,4
633,47,0
633,24,1
633,9,2
633,9,3
633,42,4
634,109,0
634,109,1
634,450,2
634,2855,3
634,449,4
634,1591,5
634,226,6
634,30,7
634,30,8
635,40,0
635,39,1
635,24,2
635,9,3
635,9,4
636,47,0
636,24,1
636,9,2
636,9,3
636,42,4
637,2,0
637,1,1
637,1689,2
637,18,3
637,18,4
638,8,0
638,1598,1
638,16,2
638,268,3
638,6,4
638,18,5
638,18,6
639,47,0
639,24,1
639,9,2
639,9,3
639,42,4
640,47,0
640,24,1
640,9,2
640,9,3
640,42,4
641,40,0
641,39,1
641,24,2
641,9,3
641,9,4
642,40,0
642,39,1
642,24,2
642,9,3
642,9,4
643,40,0
643,39,1
643,24,2
643,9,3
643,9,4
644,47,0
644,24,1
644,9,2
644,9,3
644,42,4
644,8346,5
645,47,0
645,24,1
645,9,2
645,9,3
645,42,4
646,40,0
646,39,1
646,24,2
646,9,3
646,9,4
647,40,0
647,39,1
647,24,2
647,9,3
647,9,4
648,1160,0
648,1392,1
648,190,2
648,6,3
648,463,4
649,6,0
649,6,1
649,6,2
649,6,3
649,6,4
649,6,5
650,40,0
650,39,1
650,24,2
650,9,3
650,9,4
651,1487,0
651,1498,1
651,102,2
651,1928,3
651,6,4
652,90,0
652,1234,1
652,6371,2
652,7683,3
652,5429,4
652,7735,5
652,4361,6
653,47,0
653,24,1
653,9,2
653,9,3
653,42,4
654,2352,0
654,17,1
654,316,2
654,352,3
654,5330,4
655,47,0
655,24,1
655,9,2
655,9,3
655,42,4
656,2,0
656,1,1
656,891,2
656,6,3
656,6,4
656,6,5
657,40,0
657,39,1
657,24,2
657,9,3
657,9,4
658,40,0
658,39,1
658,24,2
658,9,3
658,9,4
659,197,0
659,2,1
659,1,2
659,1013,3
659,2584,4
659,10,5
659,10,6
659,965,7
660,47,0
660,24,1
660,9,2
660,9,3
660,42,4
661,40,0
661,39,1
661,24,2
661,9,3
661,9,4
662,40,0
662,39,1
662,24,2
662,9,3
662,9,4
663,40,0
663,39,1
663,24,2
663,9,3
663,9,4
664,40,0
664,39,1
664,24,2
664,9,3
664,9,4
665,40,0
665,39,1
665,24,2
665,9,3
665,9,4
666,47,0
666,24,1
666,9,2
666,9,3
666,42,4
667,47,0
667,24,1
667,9,2
667,9,3
667,42,4
668,47,0
668,24,1
668,9,2
668,9,3
668,42,4
669,40,0
669,39,1
669,24,2
669,9,3
669,9,4
670,47,0
670,24,1
670,9,2
670,9,3
670,42,4
671,40,0
671,39,1
671,24,2
671,9,3
671,9,4
672,40,0
672,39,1
672,24,2
672,9,3
672,9,4
673,2816,0
673,1382,1
673,282,2
673,2703,3
673,983,4
674,47,0
674,24,1
674,9,2
674,9,3
674,42,4
674,7258,5
675,2640,0
675,2318,1
675,963,2
675,110,3
675,143,4
675,555,5
676,386,0
676,115,1
676,35,2
676,1127,3
676,123,4
676,5569,5
676,133,6
677,193,0
677,264,1
677,188,2
677,6,3
677,185,4
678,47,0
678,24,1
678,9,2
678,9,3
678,42,4
678,8356,5
679,47,0
679,24,1
679,9,2
679,9,3
679,42,4
680,40,0
680,39,1
680,24,2
680,9,3
680,9,4
681,40,0
681,39,1
681,24,2
681,9,3
681,9,4
682,40,0
682,39,1
682,24,2
682,9,3
682,9,4
683,196,0
683,3805,1
683,5860,2
683,35,3
683,2537,4
683,817,5
683,723,6
683,2185,7
684,40,0
684,39,1
684,24,2
684,9,3
684,9,4
685,40,0
685,39,1
685,9,2
685,9,3
685,9,4
685,9,5
686,2,0
686,1,1
686,1487,2
686,1498,3
686,4633,4
686,244,5
686,27,6
686,268,7
686,951,8
686,5772,9
686,605,10
686,573,11
687,218,0
687,218,1
687,433,2
687,1721,3
687,6386,4
688,47,0
688,24,1
688,9,2
688,9,3
688,42,4
689,47,0
689,24,1
689,9,2
689,9,3
689,42,4
690,2033,0
690,573,1
690,358,2
690,463,3
690,6,4
691,40,0
691,39,1
691,24,2
691,9,3
691,9,4
692,47,0
692,24,1
692,9,2
692,9,3
692,42,4
693,47,0
693,24,1
693,9,2
693,9,3
693,42,4
694,1575,0
694,18,1
694,18,2
694,188,3
694,185,4
695,40,0
695,39,1
695,24,2
695,9,3
695,9,4
696,40,0
696,39,1
696,24,2
696,9,3
696,9,4
697,47,0
697,24,1
697,9,2
697,9,3
697,42,4
698,40,0
698,39,1
698,24,2
698,9,3
698,9,4
698,5605,5
699,47,0
699,24,1
699,9,2
699,9,3
699,42,4
700,47,0
700,24,1
700,9,2
700,9,3
700,42,4
701,40,0
701,39,1
701,24,2
701,9,3
701,9,4
702,40,0
702,39,1
702,24,2
702,9,3
702,9,4
703,40,0
703,39,1
703,24,2
703,9,3
703,9,4
704,2934,0
704,2203,1
704,5325,2
704,433,3
704,249,4
704,508,5
704,307,6
705,483,0
705,40,1
705,39,2
705,24,3
705,9,4
705,9,5
706,329,0
706,51,1
706,3,2
706,483,3
706,1871,4
706,8366,5
706,7,6
707,47,0
707,24,1
707,9,2
707,9,3
707,42,4
708,40,0
708,39,1
708,24,2
708,9,3
708,9,4
709,40,0
709,39,1
709,24,2
709,9,3
709,9,4
710,47,0
710,24,1
710,9,2
710,9,3
710,42,4
711,79,0
711,744,1
711,668,2
711,668,3
711,1944,4
711,62,5
712,47,0
712,24,1
712,9,2
712,9,3
712,42,4
712,7843,5
713,47,0
713,24,1
713,9,2
713,9,3
713,42,4
714,47,0
714,24,1
714,9,2
714,9,3
714,42,4
715,44,0
715,8222,1
715,463,2
715,6,3
715,6,4
716,4154,0
716,1476,1
716,7432,2
716,3900,3
716,5315,4
717,47,0
717,24,1
717,9,2
717,9,3
717,42,4
718,47,0
718,24,1
718,9,2
718,301,3
718,9,4
718,301,5
719,47,0
719,24,1
719,9,2
719,9,3
719,42,4
719,8346,5
720,47,0
720,9,1
720,9,2
720,42,3
720,4575,4
721,102,0
721,875,1
721,547,2
721,537,3
721,18,4
721,18,5
722,1616,0
722,109,1
722,109,2
722,1258,3
722,664,4
722,109,5
723,47,0
723,24,1
723,627,2
723,9,3
723,627,4
723,9,5
723,42,6
724,40,0
724,39,1
724,24,2
724,9,3
724,9,4
725,40,0
725,39,1
725,24,2
725,9,3
725,9,4
726,47,0
726,24,1
726,9,2
726,9,3
726,42,4
727,40,0
727,39,1
727,24,2
727,9,3
727,9,4
728,47,0
728,24,1
728,9,2
728,9,3
728,42,4
729,47,0
729,24,1
729,9,2
729,9,3
729,42,4
730,47,0
730,24,1
730,9,2
730,9,3
730,42,4
731,40,0
731,39,1
731,24,2
731,9,3
731,9,4
732,296,0
732,41,1
732,1076,2
732,268,3
732,6,4
732,18,5
733,40,0
733,39,1
733,24,2
733,9,3
733,9,4
734,40,0
734,39,1
734,24,2
734,9,3
734,9,4
735,47,0
735,24,1
735,9,2
735,9,3
735,42,4
736,2,0
736,1,1
736,21,2
736,8397,3
736,14,4
737,40,0
737,39,1
737,24,2
737,9,3
737,9,4
738,40,0
738,39,1
738,24,2
738,9,3
738,9,4
738,5100,5
739,47,0
739,24,1
739,9,2
739,9,3
739,42,4
740,275,0
740,275,1
740,356,2
740,3152,3
740,230,4
740,459,5
741,8032,0
741,142,1
741,3359,2
741,761,3
741,1565,4
741,4371,5
741,843,6
741,5259,7
741,541,8
741,10,9
741,10,10
741,2799,11
741,4840,12
741,2169,13
741,5171,14
741,630,15
741,362,16
742,190,0
742,18,1
742,18,2
742,188,3
742,185,4
743,47,0
743,24,1
743,9,2
743,9,3
743,42,4
744,40,0
744,39,1
744,703,2
744,703,3
744,180,4
745,40,0
745,39,1
745,24,2
745,9,3
745,9,4
746,40,0
746,39,1
746,24,2
746,9,3
746,9,4
747,47,0
747,24,1
747,9,2
747,9,3
747,42,4
747,2463,5
748,47,0
748,24,1
748,9,2
748,9,3
748,42,4
749,40,0
749,39,1
749,24,2
749,9,3
749,9,4
750,492,0
750,35,1
750,615,2
750,8513,3
750,4433,4
750,201,5
750,2719,6
751,47,0
751,24,1
751,9,2
751,9,3
751,42,4
752,47,0
752,24,1
752,9,2
752,9,3
752,42,4
753,40,0
753,39,1
753,24,2
753,9,3
753,9,4
754,7740,0
754,675,1
754,1624,2
754,3220,3
754,3093,4
754,6,5
754,18,6
754,18,7
755,47,0
755,24,1
755,9,2
755,9,3
755,42,4
756,40,0
756,39,1
756,24,2
756,9,3
756,9,4
757,1692,0
757,23,1
757,23,2
757,307,3
757,573,4
758,47,0
758,24,1
758,9,2
758,9,3
758,42,4
758,96,5
758,395,6
759,1011,0
759,264,1
759,20,2
759,20,3
759,53,4
760,47,0
760,24,1
760,9,2
760,9,3
760,42,4
761,47,0
761,24,1
761,9,2
761,9,3
761,42,4
762,47,0
762,24,1
762,9,2
762,9,3
762,42,4
763,40,0
763,39,1
763,24,2
763,9,3
763,9,4
764,12,0
764,424,1
764,1544,2
764,2707,3
764,2207,4
765,40,0
765,39,1
765,24,2
765,9,3
765,9,4
766,47,0
766,24,1
766,9,2
766,9,3
766,42,4
767,47,0
767,24,1
767,9,2
767,9,3
767,42,4
768,47,0
768,24,1
768,9,2
768,9,3
768,42,4
769,40,0
769,39,1
769,24,2
769,9,3
769,9,4
770,40,0
770,39,1
770,24,2
770,9,3
770,9,4
771,47,0
771,24,1
771,9,2
771,9,3
771,42,4
771,3789,5
772,40,0
772,39,1
772,24,2
772,9,3
772,9,4
773,47,0
773,24,1
773,9,2
773,9,3
773,42,4
774,47,0
774,24,1
774,9,2
774,9,3
774,42,4
774,6121,5
775,40,0
775,39,1
775,24,2
775,9,3
775,9,4
776,41,0
776,1599,1
776,4666,2
776,675,3
776,6,4
777,663,0
777,494,1
777,813,2
777,11,3
777,469,4
778,6,0
778,6,1
778,6,2
778,6,3
778,6,4
778,6,5
778,711,6
779,459,0
779,197,1
779,23,2
779,23,3
779,89,4
779,6,5
780,47,0
780,24,1
780,9,2
780,9,3
780,42,4
781,47,0
781,24,1
781,9,2
781,9,3
781,42,4
782,40,0
782,39,1
782,24,2
782,9,3
782,9,4
783,75,0
783,3913,1
783,2288,2
783,1823,3
783,701,4
783,2622,5
784,40,0
784,39,1
784,24,2
784,9,3
784,9,4
785,547,0
785,537,1
785,6,2
785,188,3
785,185,4
785,6,5
785,133,6
786,40,0
786,39,1
786,9,2
786,9,3
786,447,4
787,47,0
787,24,1
787,9,2
787,9,3
787,42,4
787,2463,5
788,40,0
788,39,1
788,24,2
788,9,3
788,9,4
788,5541,5
789,47,0
789,24,1
789,9,2
789,9,3
789,42,4
790,40,0
790,39,1
790,24,2
790,9,3
790,9,4
791,47,0
791,24,1
791,9,2
791,9,3
791,42,4
792,47,0
792,24,1
792,9,2
792,9,3
792,42,4
793,40,0
793,39,1
793,24,2
793,9,3
793,9,4
793,5100,5
794,40,0
794,39,1
794,9,2
794,9,3
794,9,4
794,9,5
795,40,0
795,39,1
795,24,2
795,9,3
795,9,4
796,47,0
796,24,1
796,9,2
796,9,3
796,42,4
797,24,0
797,9,1
797,9,2
797,419,3
797,1218,4
798,40,0
798,39,1
798,24,2
798,9,3
798,9,4
798,7882,5
799,47,0
799,24,1
799,9,2
799,9,3
799,42,4
800,40,0
800,39,1
800,24,2
800,9,3
800,9,4
801,47,0
801,24,1
801,9,2
801,9,3
801,42,4
801,8356,5
802,47,0
802,24,1
802,9,2
802,9,3
802,42,4
803,47,0
803,24,1
803,9,2
803,9,3
803,42,4
804,7054,0
804,295,1
804,499,2
804,4879,3
804,184,4
805,675,0
805,6,1
805,6,2
805,188,3
805,185,4
805,18,5
805,18,6
805,6,7
806,40,0
806,39,1
806,24,2
806,9,3
806,9,4
807,47,0
807,24,1
807,9,2
807,9,3
807,42,4
807,4777,5
808,6,0
808,6,1
808,18,2
808,18,3
808,6,4
809,47,0
809,24,1
809,9,2
809,9,3
809,42,4
810,47,0
810,24,1
810,9,2
810,9,3
810,42,4
810,6905,5
811,47,0
811,24,1
811,9,2
811,9,3
811,42,4
812,3965,0
812,108,1
812,22,2
812,6723,3
812,6,4
812,6,5
812,6,6
812,6,7
812,6,8
813,1487,0
813,18,1
813,18,2
813,6,3
813,6,4
813,6,5
814,47,0
814,24,1
814,9,2
814,9,3
814,42,4
814,2463,5
815,40,0
815,39,1
815,24,2
815,9,3
815,9,4
816,239,0
816,38,1
816,37,2
816,3783,3
816,166,4
816,1572,5
817,40,0
817,39,1
817,24,2
817,9,3
817,9,4
818,5178,0
818,1928,1
818,188,2
818,185,3
818,18,4
818,18,5
818,6,6
819,47,0
819,24,1
819,9,2
819,9,3
819,42,4
820,40,0
820,39,1
820,24,2
820,9,3
820,9,4
820,5100,5
821,5420,0
821,40,1
821,39,2
821,24,3
821,9,4
821,9,5
822,607,0
822,273,1
822,3065,2
822,3604,3
822,587,4
822,534,5
822,3781,6
822,4142,7
822,3421,8
823,40,0
823,39,1
823,24,2
823,9,3
823,9,4
824,47,0
824,24,1
824,9,2
824,9,3
824,42,4
825,47,0
825,24,1
825,9,2
825,9,3
825,42,4
825,2463,5
826,47,0
826,24,1
826,9,2
826,9,3
826,42,4
826,7258,5
827,47,0
827,24,1
827,9,2
827,9,3
827,42,4
828,40,0
828,39,1
828,24,2
828,9,3
828,9,4
829,40,0
829,39,1
829,24,2
829,9,3
829,9,4
830,47,0
830,24,1
830,9,2
830,9,3
830,42,4
830,2463,5
831,47,0
831,24,1
831,9,2
831,9,3
831,42,4
832,52,0
832,52,1
832,920,2
832,2322,3
832,612,4
833,40,0
833,39,1
833,24,2
833,9,3
833,9,4
834,356,0
834,2924,1
834,1328,2
834,300,3
834,169,4
834,1666,5
834,2611,6
834,507,7
834,342,8
835,56,0
835,281,1
835,1372,2
835,1484,3
835,335,4
836,47,0
836,24,1
836,9,2
836,9,3
836,42,4
836,6121,5
837,40,0
837,39,1
837,24,2
837,9,3
837,9,4
838,47,0
838,24,1
838,9,2
838,9,3
838,42,4
839,40,0
839,39,1
839,24,2
839,9,3
839,9,4
840,47,0
840,24,1
840,9,2
840,9,3
840,42,4
841,47,0
841,24,1
841,9,2
841,9,3
841,42,4
842,1411,0
842,1179,1
842,492,2
842,5852,3
842,767,4
843,47,0
843,24,1
843,9,2
843,9,3
843,42,4
844,40,0
844,39,1
844,24,2
844,9,3
844,9,4
845,42,0
845,40,1
845,39,2
845,24,3
845,24,4
845,9,5
845,9,6
846,681,0
846,675,1
846,1575,2
846,2662,3
846,14,4
846,188,5
846,185,6
847,47,0
847,24,1
847,9,2
847,9,3
847,42,4
848,40,0
848,39,1
848,24,2
848,9,3
848,9,4
849,40,0
849,39,1
849,24,2
849,9,3
849,9,4
850,47,0
850,24,1
850,9,2
850,9,3
850,42,4
851,40,0
851,39,1
851,24,2
851,9,3
851,9,4
852,47,0
852,24,1
852,9,2
852,9,3
852,42,4
853,1575,0
853,102,1
853,1928,2
853,18,3
853,18,4
854,411,0
854,47,1
854,24,2
854,9,3
854,9,4
854,42,5
855,712,0
855,564,1
855,564,2
855,564,3
855,564,4
856,40,0
856,39,1
856,24,2
856,9,3
856,9,4
857,40,0
857,39,1
857,24,2
857,9,3
857,9,4
858,40,0
858,39,1
858,24,2
858,9,3
858,9,4
858,5605,5
859,40,0
859,39,1
859,24,2
859,9,3
859,9,4
860,47,0
860,24,1
860,9,2
860,9,3
860,42,4
861,1781,0
861,56,1
861,1656,2
861,5870,3
861,3052,4
861,335,5
861,793,6
861,281,7
861,507,8
862,6,0
862,6,1
862,6,2
862,6,3
862,6,4
862,6,5
863,47,0
863,24,1
863,9,2
863,9,3
863,42,4
864,47,0
864,24,1
864,9,2
864,9,3
864,42,4
865,40,0
865,39,1
865,24,2
865,9,3
865,9,4
866,47,0
866,24,1
866,9,2
866,9,3
866,42,4
866,3789,5
867,352,0
867,3255,1
867,625,2
867,775,3
867,2336,4
868,258,0
868,2359,1
868,384,2
868,1338,3
868,82,4
869,47,0
869,24,1
869,9,2
869,9,3
869,42,4
870,19,0
870,29,1
870,20,2
870,20,3
870,53,4
871,40,0
871,39,1
871,24,2
871,9,3
871,9,4
872,420,0
872,2890,1
872,270,2
872,8,3
872,4169,4
873,226,0
873,38,1
873,226,2
873,226,3
873,226,4
873,226,5
873,7801,6
873,998,7
873,7,8
874,40,0
874,39,1
874,24,2
874,9,3
874,9,4
875,40,0
875,39,1
875,24,2
875,9,3
875,9,4
876,587,0
876,59,1
876,300,2
876,7337,3
876,7322,4
876,433,5
876,709,6
877,40,0
877,39,1
877,24,2
877,9,3
877,9,4
878,47,0
878,24,1
878,9,2
878,9,3
878,42,4
879,47,0
879,24,1
879,9,2
879,9,3
879,42,4
880,23,0
880,23,1
880,1512,2
880,214,3
880,8541,4
881,47,0
881,24,1
881,9,2
881,9,3
881,42,4
882,40,0
882,39,1
882,24,2
882,9,3
882,9,4
883,165,0
883,27,1
883,1554,2
883,632,3
883,3290,4
884,47,0
884,24,1
884,9,2
884,9,3
884,42,4
884,7458,5
885,40,0
885,39,1
885,24,2
885,9,3
885,9,4
886,54,0
886,54,1
886,161,2
886,2738,3
886,466,4
886,553,5
886,292,6
886,1602,7
886,3160,8
886,390,9
886,893,10
886,1135,11
887,40,0
887,39,1
887,24,2
887,9,3
887,9,4
888,47,0
888,24,1
888,9,2
888,9,3
888,42,4
889,47,0
889,24,1
889,9,2
889,9,3
889,42,4
890,47,0
890,24,1
890,9,2
890,9,3
890,42,4
891,47,0
891,24,1
891,9,2
891,9,3
891,42,4
892,40,0
892,39,1
892,24,2
892,9,3
892,9,4
892,5541,5
893,47,0
893,24,1
893,9,2
893,9,3
893,42,4
894,5427,0
894,150,1
894,30,2
894,30,3
894,998,4
895,1575,0
895,18,1
895,18,2
895,185,3
895,188,4
896,1853,0
896,102,1
896,202,2
896,3842,3
896,3093,4
896,8490,5
896,190,6
896,463,7
896,6,8
896,190,9
897,47,0
897,24,1
897,9,2
897,9,3
897,42,4
898,47,0
898,24,1
898,9,2
898,9,3
898,42,4
898,7258,5
899,47,0
899,24,1
899,9,2
899,9,3
899,42,4
899,3789,5
900,19,0
900,879,1
900,879,2
900,497,3
900,268,4
901,586,0
901,286,1
901,4845,2
901,769,3
901,1126,4
901,249,5
901,433,6
902,47,0
902,24,1
902,9,2
902,9,3
902,42,4
903,5394,0
903,371,1
903,740,2
903,18,3
903,18,4
904,47,0
904,24,1
904,9,2
904,9,3
904,42,4
905,1216,0
905,6339,1
905,5156,2
905,7260,3
905,7141,4
905,8360,5
906,47,0
906,24,1
906,9,2
906,9,3
906,42,4
907,47,0
907,24,1
907,9,2
907,9,3
907,42,4
908,47,0
908,24,1
908,9,2
908,9,3
908,42,4
909,47,0
909,24,1
909,9,2
909,9,3
909,42,4
910,57,0
910,1624,1
910,1936,2
910,285,3
910,6,4
910,188,5
910,185,6
910,18,7
910,18,8
911,47,0
911,24,1
911,9,2
911,9,3
911,42,4
912,47,0
912,24,1
912,9,2
912,9,3
912,42,4
913,40,0
913,39,1
913,24,2
913,9,3
913,9,4
914,9,0
914,9,1
914,42,2
914,47,3
914,24,4
915,7,0
915,47,1
915,24,2
915,9,3
915,9,4
915,42,5
916,40,0
916,39,1
916,24,2
916,9,3
916,9,4
917,40,0
917,39,1
917,24,2
917,9,3
917,9,4
918,47,0
918,24,1
918,9,2
918,9,3
918,42,4
919,40,0
919,39,1
919,24,2
919,9,3
919,9,4
919,5541,5
920,7715,0
920,7,1
920,137,2
920,6,3
920,6,4
920,18,5
920,18,6
921,820,0
921,1928,1
921,547,2
921,537,3
921,6,4
921,188,5
921,185,6
921,18,7
921,18,8
922,191,0
922,880,1
922,1640,2
922,4472,3
922,1275,4
922,3463,5
922,8617,6
922,3657,7
923,592,0
923,307,1
923,18,2
923,18,3
923,190,4
924,40,0
924,39,1
924,24,2
924,9,3
924,9,4
925,40,0
925,39,1
925,24,2
925,9,3
925,9,4
926,40,0
926,39,1
926,9,2
926,9,3
926,9,4
926,9,5
927,40,0
927,39,1
927,24,2
927,9,3
927,9,4
928,47,0
928,24,1
928,9,2
928,9,3
928,42,4
928,6121,5
929,47,0
929,24,1
929,9,2
929,9,3
929,42,4
929,4777,5
930,40,0
930,39,1
930,24,2
930,9,3
930,9,4
931,7764,0
931,209,1
931,436,2
931,282,3
931,1337,4
932,15,0
932,20,1
932,20,2
932,53,3
932,135,4
933,40,0
933,39,1
933,24,2
933,9,3
933,9,4
934,1652,0
934,50,1
934,531,2
934,531,3
934,6941,4
934,329,5
934,8453,6
934,965,7
934,494,8
934,214,9
934,582,10
934,1254,11
935,47,0
935,24,1
935,9,2
935,9,3
935,42,4
935,7258,5
936,47,0
936,24,1
936,9,2
936,9,3
936,42,4
937,40,0
937,39,1
937,24,2
937,9,3
937,9,4
938,2813,0
938,18,1
938,18,2
938,188,3
938,185,4
939,47,0
939,24,1
939,9,2
939,9,3
939,42,4
940,726,0
940,1420,1
940,450,2
940,726,3
940,450,4
940,337,5
940,2860,6
940,222,7
941,2355,0
941,6,1
941,887,2
941,188,3
941,185,4
941,6,5
942,47,0
942,9,1
942,9,2
942,9,3
942,9,4
942,42,5
943,40,0
943,39,1
943,24,2
943,9,3
943,9,4
944,47,0
944,24,1
944,9,2
944,9,3
944,42,4
944,8346,5
945,47,0
945,24,1
945,9,2
945,9,3
945,42,4
946,47,0
946,24,1
946,9,2
946,9,3
946,42,4
947,17,0
947,7629,1
947,2898,2
947,1935,3
947,660,4
948,153,0
948,188,1
948,86,2
948,185,3
948,61,4
949,40,0
949,39,1
949,24,2
949,9,3
949,9,4
950,40,0
950,39,1
950,24,2
950,9,3
950,9,4
951,1078,0
951,1660,1
951,27,2
951,749,3
951,1677,4
952,40,0
952,39,1
952,9,2
952,9,3
952,10,4
952,10,5
953,24,0
953,9,1
953,9,2
953,40,3
953,39,4
954,1487,0
954,503,1
954,1575,2
954,102,3
954,952,4
954,307,5
954,358,6
954,190,7
954,18,8
954,18,9
955,1963,0
955,84,1
955,1928,2
955,1500,3
955,358,4
955,6,5
955,18,6
955,18,7
956,40,0
956,39,1
956,24,2
956,9,3
956,9,4
957,1244,0
957,73,1
957,92,2
957,364,3
957,368,4
957,1158,5
957,6,6
958,875,0
958,6,1
958,18,2
958,18,3
958,188,4
958,6,5
958,185,6
959,47,0
959,24,1
959,9,2
959,9,3
959,42,4
960,40,0
960,39,1
960,24,2
960,9,3
960,9,4
961,115,0
961,1423,1
961,1487,2
961,1498,3
961,1575,4
961,18,5
961,18,6
961,188,7
961,185,8
962,40,0
962,39,1
962,24,2
962,9,3
962,9,4
963,47,0
963,24,1
963,9,2
963,9,3
963,42,4
964,256,0
964,2,1
964,1211,2
964,1,3
964,4350,4
965,47,0
965,24,1
965,9,2
965,9,3
965,42,4
966,1039,0
966,1374,1
966,190,2
966,6,3
966,6,4
967,2,0
967,1,1
967,257,2
967,257,3
967,402,4
968,47,0
968,24,1
968,9,2
968,9,3
968,42,4
969,40,0
969,39,1
969,24,2
969,9,3
969,9,4
970,40,0
970,39,1
970,24,2
970,9,3
970,9,4
971,47,0
971,24,1
971,9,2
971,9,3
971,42,4
972,40,0
972,39,1
972,24,2
972,9,3
972,9,4
973,40,0
973,39,1
973,24,2
973,9,3
973,9,4
974,208,0
974,572,1
974,436,2
974,822,3
974,1119,4
975,135,0
975,1498,1
975,1498,2
975,1487,3
975,2032,4
975,1853,5
975,3,6
975,1575,7
975,1928,8
975,7322,9
975,4421,10
975,723,11
975,1826,12
975,547,13
975,537,14
975,6,15
975,18,16
975,18,17
976,47,0
976,24,1
976,9,2
976,9,3
976,42,4
976,7915,5
977,40,0
977,39,1
977,24,2
977,9,3
977,9,4
978,2,0
978,1,1
978,21,2
978,94,3
978,94,4
978,489,5
979,47,0
979,24,1
979,9,2
979,9,3
979,42,4
980,40,0
980,39,1
980,24,2
980,9,3
980,9,4
981,47,0
981,24,1
981,9,2
981,9,3
981,42,4
981,2463,5
982,264,0
982,2,1
982,1,2
982,18,3
982,18,4
983,47,0
983,24,1
983,9,2
983,9,3
983,42,4
984,40,0
984,39,1
984,24,2
984,9,3
984,9,4
984,40,5
984,39,6
984,24,7
984,9,8
984,9,9
985,891,0
985,1961,1
985,6,2
985,6,3
985,6,4
985,6,5
985,6,6
985,6,7
985,6,8
985,6,9
985,6,10
985,6,11
985,6,12
986,40,0
986,39,1
986,24,2
986,9,3
986,9,4
987,47,0
987,24,1
987,9,2
987,9,3
987,42,4
988,4573,0
988,6,1
988,6,2
988,6,3
988,21,4
988,4,5
988,55,6
989,24,0
989,9,1
989,9,2
989,42,3
989,47,4
990,279,0
990,7920,1
990,7160,2
990,6376,3
990,1426,4
990,423,5
990,671,6
990,5706,7
990,1808,8
990,3180,9
990,1939,10
990,864,11
990,1210,12
990,477,13
990,2656,14
990,4499,15
990,137,16
990,659,17
991,47,0
991,24,1
991,9,2
991,9,3
991,42,4
991,2463,5
992,47,0
992,24,1
992,9,2
992,9,3
992,42,4
993,547,0
993,537,1
993,463,2
993,188,3
993,185,4
994,47,0
994,24,1
994,9,2
994,9,3
994,42,4
995,40,0
995,39,1
995,24,2
995,9,3
995,9,4
996,40,0
996,39,1
996,24,2
996,9,3
996,9,4
997,40,0
997,39,1
997,24,2
997,9,3
997,9,4
998,40,0
998,39,1
998,24,2
998,9,3
998,9,4
999,47,0
999,24,1
999,9,2
999,9,3
999,42,4
1000,40,0
1000,39,1
1000,24,2
1000,9,3
1000,9,4
1000,40,5
1000,39,6
1000,24,7
1000,9,8
1000,9,9
1000,329,10
1001,47,0
1001,24,1
1001,9,2
1001,9,3
1001,42,4
1001,2463,5
1002,40,0
1002,39,1
1002,24,2
1002,9,3
1002,9,4
1003,47,0
1003,1833,1
1003,9,2
1003,9,3
1003,42,4
1003,1833,5
1004,1575,0
1004,268,1
1004,190,2
1004,6,3
1004,463,4
1005,47,0
1005,24,1
1005,9,2
1005,9,3
1005,42,4
1006,929,0
1006,1051,1
1006,2,2
1006,1,3
1006,4,4
1007,24,0
1007,9,1
1007,9,2
1007,42,3
1007,47,4
1008,2,0
1008,1,1
1008,628,2
1008,51,3
1008,1487,4
1008,2032,5
1008,3028,6
1008,6,7
1008,463,8
1009,2785,0
1009,2779,1
1009,247,2
1009,1172,3
1009,4409,4
1009,27,5
1009,709,6
1010,47,0
1010,24,1
1010,9,2
1010,9,3
1010,42,4
1011,40,0
1011,119,1
1011,39,2
1011,24,3
1011,9,4
1011,9,5
1012,47,0
1012,24,1
1012,9,2
1012,9,3
1012,42,4
1013,377,0
1013,912,1
1013,114,2
1013,281,3
1013,3050,4
1013,623,5
1013,732,6
1014,40,0
1014,39,1
1014,24,2
1014,9,3
1014,9,4
1015,40,0
1015,39,1
1015,24,2
1015,9,3
1015,9,4
1016,6,0
1016,23,1
1016,23,2
1016,7369,3
1016,188,4
1016,185,5
1017,47,0
1017,24,1
1017,9,2
1017,9,3
1017,42,4
1017,5150,5
1018,193,0
1018,774,1
1018,658,2
1018,6,3
1018,2335,4
